1.906145233909509074e+01 3.397551891786247946e+00 1.000000000000000000e+00
1.030090244177541869e+01 -1.059515839301612639e+00 1.000000000000000000e+00
2.232764464403786420e+01 3.452263283623563161e+00 1.000000000000000000e+00
1.801106668838170322e+01 3.846390936917321035e-01 1.000000000000000000e+00
2.176237208494223196e+01 -6.226104451803836426e+00 1.000000000000000000e+00
1.901018732295367997e+01 -1.267214843082026476e+00 1.000000000000000000e+00
1.908154667004121663e+01 4.457259111817392316e+00 1.000000000000000000e+00
1.973821305084337396e+01 5.828448249183693086e-01 1.000000000000000000e+00
1.365968572744121090e+01 7.365534021917115481e+00 1.000000000000000000e+00
1.776737908806255817e+01 1.687277444541966709e+00 1.000000000000000000e+00
2.353454232134611601e+01 3.717831668128142031e+00 1.000000000000000000e+00
2.272846655201142951e+01 -2.469108197780937264e+00 1.000000000000000000e+00
1.776207820406885673e+01 3.674400115251273968e-01 1.000000000000000000e+00
9.238392498958850396e+00 8.313875219301507968e+00 1.000000000000000000e+00
2.219320158775124696e+01 6.222084617844267918e+00 1.000000000000000000e+00
2.194421362668088804e+01 -3.877009632527865790e+00 1.000000000000000000e+00
2.327109761827140844e+01 4.667540781971159625e+00 1.000000000000000000e+00
1.900934222081046698e+01 -1.248617000238565033e+00 1.000000000000000000e+00
1.142475571628314412e+01 -5.710005010050768881e+00 1.000000000000000000e+00
2.465651195797052253e+01 1.309977442676599990e+00 1.000000000000000000e+00
2.257519881620160973e+01 -1.842641947058398566e+00 1.000000000000000000e+00
2.427391061062724376e+01 -2.067202775642236645e+00 1.000000000000000000e+00
1.975834521827790624e+01 -2.333433690386815584e+00 1.000000000000000000e+00
1.807710809828059695e+01 1.677645337156449923e+00 1.000000000000000000e+00
2.652958789337984769e+01 -3.585074802724891097e+00 1.000000000000000000e+00
2.716831685540253716e+01 -7.804739849170193366e+00 1.000000000000000000e+00
2.721263146363036967e+01 3.701048632856288378e+00 1.000000000000000000e+00
2.116943161642733529e+01 -3.472627802129363950e+00 1.000000000000000000e+00
2.628986895541647328e+01 -2.150714148669545800e+00 1.000000000000000000e+00
2.329007163049347540e+01 -1.386533714863325828e-01 1.000000000000000000e+00
2.335239867368655453e+01 5.097928002674500192e+00 1.000000000000000000e+00
2.026660860135150699e+01 1.104497170872351397e+01 1.000000000000000000e+00
1.629398806633215102e+01 1.984315556252181367e-01 1.000000000000000000e+00
1.831359168647080793e+01 -5.602289069770099772e+00 1.000000000000000000e+00
2.654116169943119274e+01 -9.282257690357735846e-01 1.000000000000000000e+00
1.771841242131386451e+01 1.883484977718414166e+00 1.000000000000000000e+00
1.612201284800801560e+01 1.149100887703761664e+01 1.000000000000000000e+00
1.989668331277982460e+01 6.581136925187393238e+00 1.000000000000000000e+00
2.439143584082618332e+01 -1.141081082982263295e+00 1.000000000000000000e+00
1.692715926319959152e+01 1.153424955005825936e+01 1.000000000000000000e+00
2.324304969448445846e+01 4.806912145981745432e+00 1.000000000000000000e+00
1.530537715029299761e+01 7.198030368410011093e+00 1.000000000000000000e+00
2.339586579772649344e+01 -3.400178803112779757e+00 1.000000000000000000e+00
1.556986232679620308e+01 -5.527675895561619868e+00 1.000000000000000000e+00
2.356203667895278997e+01 6.335496014326902348e+00 1.000000000000000000e+00
2.515011232266092733e+01 -6.564721908438042597e+00 1.000000000000000000e+00
2.161051645240624453e+01 -8.414587182053325787e-01 1.000000000000000000e+00
2.203859107669361350e+01 -4.340809955043057222e+00 1.000000000000000000e+00
1.880961462051903155e+01 -5.319363992453426171e+00 1.000000000000000000e+00
1.713387849978216693e+01 -3.424652953640878739e+00 1.000000000000000000e+00
1.915249130153558710e+01 7.999603500841081072e+00 1.000000000000000000e+00
1.649308588405254383e+01 -2.783744416775153052e+00 1.000000000000000000e+00
2.679465184639576947e+01 1.609618109493067051e+00 1.000000000000000000e+00
2.013922060399826819e+01 -1.542267597669111368e+00 1.000000000000000000e+00
2.628133164156616530e+01 -1.922736136124621464e-01 1.000000000000000000e+00
2.206951329167855391e+01 -1.512085359983537103e+00 1.000000000000000000e+00
1.645655061066842251e+01 6.492395502330590595e+00 1.000000000000000000e+00
1.582005403580120273e+01 -2.970759231315927451e+00 1.000000000000000000e+00
2.316020256258772037e+01 2.559947962958443179e-01 1.000000000000000000e+00
2.382007220570857697e+01 -3.349026942375426530e-01 1.000000000000000000e+00
2.502259849501807309e+01 2.590739968906743851e+00 1.000000000000000000e+00
1.783560375700908551e+01 3.810659794771714015e+00 1.000000000000000000e+00
2.855701426142437072e+01 -6.206868365775015661e-01 1.000000000000000000e+00
1.757715713053482887e+01 1.242580602437733495e+00 1.000000000000000000e+00
1.888884990852677248e+01 -7.117826037821090246e+00 1.000000000000000000e+00
2.524868527462566803e+01 6.551677336313464828e+00 1.000000000000000000e+00
2.426083615136098359e+01 3.645434148106063144e-01 1.000000000000000000e+00
1.450942626358886756e+01 -4.196775542898015132e+00 1.000000000000000000e+00
2.311103280184374498e+01 -1.272591242151770885e+00 1.000000000000000000e+00
1.078165782083794966e+01 -5.363014895988141184e+00 1.000000000000000000e+00
1.641991522757138711e+01 7.396514316073663942e+00 1.000000000000000000e+00
2.270884583002839818e+01 -5.620285579955190514e+00 1.000000000000000000e+00
2.614989995207425366e+01 5.170418835460867335e+00 1.000000000000000000e+00
1.561839222801002336e+01 -9.658299432510199622e+00 1.000000000000000000e+00
2.133380160297807393e+01 3.680720362085855069e+00 1.000000000000000000e+00
2.707755868062643145e+01 -1.650602443153660559e+00 1.000000000000000000e+00
1.790614774072014370e+01 -5.685442438701422407e-01 1.000000000000000000e+00
2.226610378326042650e+01 -8.721678377890432543e+00 1.000000000000000000e+00
1.824075531419049767e+01 3.460418970275303430e+00 1.000000000000000000e+00
2.428647316892117658e+01 -4.238934605252593357e+00 1.000000000000000000e+00
2.461714443474333791e+01 3.054918566082228004e+00 1.000000000000000000e+00
1.739595436102881365e+01 3.399077879578539463e+00 1.000000000000000000e+00
2.232921654993119986e+01 -6.804074783968398599e+00 1.000000000000000000e+00
2.876135107409440650e+01 -1.731831449169201953e+00 1.000000000000000000e+00
2.566904895504523054e+01 -1.646223579393867764e+00 1.000000000000000000e+00
1.378897245928816417e+01 2.780446013225019719e-01 1.000000000000000000e+00
2.580963216373582014e+01 7.896975906926090971e+00 1.000000000000000000e+00
2.535267190100343981e+01 -3.211130193280797851e+00 1.000000000000000000e+00
3.299144243414540512e+01 4.125420101404405848e+00 1.000000000000000000e+00
1.476622497825807656e+01 -7.160207617087442244e+00 1.000000000000000000e+00
1.720200763153291845e+01 -3.996182141666345111e-01 1.000000000000000000e+00
2.163577379903502518e+01 2.895132750938197219e+00 1.000000000000000000e+00
1.147365240923203977e+01 5.552784502379140008e-01 1.000000000000000000e+00
2.063203840899421948e+01 8.975379962437693981e-01 1.000000000000000000e+00
1.886140000998451427e+01 2.232328413366820197e+00 1.000000000000000000e+00
1.358678389517121587e+01 -8.583045549271278718e-02 1.000000000000000000e+00
2.818214912918319470e+01 2.205579926825887327e+00 1.000000000000000000e+00
2.032529947020583805e+01 1.751468820028757145e+00 1.000000000000000000e+00
2.113632483696345332e+01 -7.704178229621652108e+00 1.000000000000000000e+00
1.671955705234031342e+01 3.467732869670106410e+00 1.000000000000000000e+00
1.470618096623267368e+00 2.252253860934964891e+01 2.000000000000000000e+00
-5.037089919773359625e+00 1.784205952112158045e+01 2.000000000000000000e+00
2.510126023360375047e-01 1.259141628388088208e+01 2.000000000000000000e+00
-2.094189339221053991e+00 1.834124909704611994e+01 2.000000000000000000e+00
6.038390682169292312e+00 2.117020991038015509e+01 2.000000000000000000e+00
-7.603196943082868309e+00 1.309125369852210241e+01 2.000000000000000000e+00
-2.398622801392973791e+00 2.166739286804302012e+01 2.000000000000000000e+00
-6.884539295317426699e+00 1.495821976613547122e+01 2.000000000000000000e+00
3.368239419912117949e+00 1.336240775685159221e+01 2.000000000000000000e+00
2.159813917748988565e+00 1.900885326889686766e+01 2.000000000000000000e+00
4.527053673254342048e-01 2.341627088391674860e+01 2.000000000000000000e+00
-1.268965603999901326e+00 1.715585304853080828e+01 2.000000000000000000e+00
7.327033122335261162e+00 1.563367881928021674e+01 2.000000000000000000e+00
-6.559599393746171181e+00 2.272586148485339663e+01 2.000000000000000000e+00
5.561619815485703278e+00 2.453161320306170268e+01 2.000000000000000000e+00
3.019697732062819995e+00 1.477715113293583116e+01 2.000000000000000000e+00
7.689092790551578238e-01 2.670813162254653861e+01 2.000000000000000000e+00
6.969796040443972274e+00 1.768591397811681887e+01 2.000000000000000000e+00
1.200765756693312980e+00 2.505575998822416040e+01 2.000000000000000000e+00
-6.375096504790205287e+00 1.708866701712143765e+01 2.000000000000000000e+00
5.274409026093058728e-01 2.955306055221554828e+01 2.000000000000000000e+00
7.469966848106280644e+00 1.621354248621760163e+01 2.000000000000000000e+00
1.886250761496145900e+00 1.978912448281657888e+01 2.000000000000000000e+00
-2.536930000104120175e+00 2.004040823574949926e+01 2.000000000000000000e+00
1.478545869515918820e+00 1.531758692436321923e+01 2.000000000000000000e+00
-9.812272941453464625e+00 1.980087613512932165e+01 2.000000000000000000e+00
-1.020895134655803060e+00 2.375625693625661228e+01 2.000000000000000000e+00
-2.738616885707205295e+00 2.126683821454085077e+01 2.000000000000000000e+00
4.380479796136850013e+00 2.316995287310565743e+01 2.000000000000000000e+00
-7.908591902355891712e+00 1.925501539117456673e+01 2.000000000000000000e+00
7.272598163038670904e+00 2.254804100500873432e+01 2.000000000000000000e+00
2.187079272171481126e+00 2.103732159062428764e+01 2.000000000000000000e+00
-1.533545349505408328e+00 2.088854462845639404e+01 2.000000000000000000e+00
2.398440456142053367e+00 1.635148310758804513e+01 2.000000000000000000e+00
-2.742878158679188161e+00 1.956105458067974823e+01 2.000000000000000000e+00
2.860452411710825427e+00 1.830920079664380395e+01 2.000000000000000000e+00
6.849229591528278149e+00 1.839256205283262702e+01 2.000000000000000000e+00
3.579363274167324804e-01 1.457410488557204609e+01 2.000000000000000000e+00
1.505150989668047057e+00 1.697104418312987306e+01 2.000000000000000000e+00
-2.356884722108168795e+00 1.731576989718125503e+01 2.000000000000000000e+00
1.385285697371299696e+00 1.528762319652038215e+01 2.000000000000000000e+00
4.949105778168229719e+00 1.958128580944054420e+01 2.000000000000000000e+00
-1.160330739133036193e+00 2.103846825310144197e+01 2.000000000000000000e+00
-1.951474142755770691e+00 2.562557799748077514e+01 2.000000000000000000e+00
-4.415957272537900380e-01 1.422492988018705695e+01 2.000000000000000000e+00
-5.898829968338079155e+00 2.286449189693018269e+01 2.000000000000000000e+00
-5.432010767931338080e+00 1.840751429797710159e+01 2.000000000000000000e+00
8.519328115401556545e-01 2.324020753877584866e+01 2.000000000000000000e+00
-3.451442155681429647e+00 2.156179188384618328e+01 2.000000000000000000e+00
-3.901228048939817672e+00 2.326958991983860869e+01 2.000000000000000000e+00
6.223162397489456765e+00 1.600072120764725270e+01 2.000000000000000000e+00
-2.578476738678133970e-02 1.685938863792163644e+01 2.000000000000000000e+00
3.654700996509760103e+00 2.385175156939138219e+01 2.000000000000000000e+00
-2.718017108915582014e+00 1.664922292253903535e+01 2.000000000000000000e+00
5.856416178693272911e+00 1.927681368193222511e+01 2.000000000000000000e+00
-7.911978692180997363e+00 2.046542369446719789e+01 2.000000000000000000e+00
-6.481899485098401748e+00 1.980610490591572415e+01 2.000000000000000000e+00
5.320852060247108106e+00 1.582628451216634424e+01 2.000000000000000000e+00
-4.334571375289018924e+00 2.338470356001875317e+01 2.000000000000000000e+00
2.436816528093800560e+00 2.438853836919945550e+01 2.000000000000000000e+00
-1.315728781098834954e-01 1.205552434905731118e+01 2.000000000000000000e+00
-3.277771243602188633e+00 1.612826416162160825e+01 2.000000000000000000e+00
-1.363791788670730032e+00 1.783226470173792322e+01 2.000000000000000000e+00
1.379023859212442638e+00 2.242388749979859597e+01 2.000000000000000000e+00
-2.531654244815644272e+00 2.042344066012720916e+01 2.000000000000000000e+00
6.728148672073799297e+00 2.001562392284025194e+01 2.000000000000000000e+00
-4.335156043182312735e-01 1.297778448609245849e+01 2.000000000000000000e+00
1.933124422853193192e+00 2.263882146582230703e+01 2.000000000000000000e+00
7.268792878516221911e+00 1.448637977534650645e+01 2.000000000000000000e+00
8.059909763795037208e+00 2.095413873251520442e+01 2.000000000000000000e+00
-3.428413888554636024e+00 2.483459984373888574e+01 2.000000000000000000e+00
-3.697375572942257493e-01 2.281363584738923223e+01 2.000000000000000000e+00
8.609727211892485244e+00 2.495831409653350974e+01 2.000000000000000000e+00
5.503719260201770602e+00 2.107493863458910255e+01 2.000000000000000000e+00
1.243019106364810833e+00 2.673383564873535079e+01 2.000000000000000000e+00
7.487954308979206886e+00 1.996592467760210354e+01 2.000000000000000000e+00
3.231899477199660087e+00 1.633011769024396642e+01 2.000000000000000000e+00
5.671971942133390066e+00 2.951250838852780589e+01 2.000000000000000000e+00
5.632099982907908142e+00 2.061528574290499805e+01 2.000000000000000000e+00
5.608817919075753444e+00 2.408501151097389936e+01 2.000000000000000000e+00
-9.755845554054938529e-02 2.767526330612965069e+01 2.000000000000000000e+00
8.275297306802819053e-01 1.819439916929656675e+01 2.000000000000000000e+00
3.378666338485648790e+00 2.051544545675567832e+01 2.000000000000000000e+00
2.046595490280220808e+00 1.787536557689197281e+01 2.000000000000000000e+00
1.822709619305060036e+00 1.708131009966360025e+01 2.000000000000000000e+00
-7.494057245739855766e-01 1.516387084407210040e+01 2.000000000000000000e+00
-1.316534173016210785e+00 1.350349216664335472e+01 2.000000000000000000e+00
1.153438017868474885e+00 2.042931612421472209e+01 2.000000000000000000e+00
-5.910775544340162391e+00 1.268678414718477221e+01 2.000000000000000000e+00
3.868358696330014723e+00 1.942935892112941687e+01 2.000000000000000000e+00
-6.853044803741680902e+00 1.782476791135601246e+01 2.000000000000000000e+00
-2.532977604767165491e+00 2.190138081945935511e+01 2.000000000000000000e+00
-1.330525703098691392e-01 1.738666231184846822e+01 2.000000000000000000e+00
-2.925698488398746910e+00 1.465716718760407389e+01 2.000000000000000000e+00
-1.489177012003968903e+00 1.444181480162263576e+01 2.000000000000000000e+00
5.498026804364624098e+00 1.667393071783759595e+01 2.000000000000000000e+00
3.044539485500281195e+00 2.622333759953871990e+01 2.000000000000000000e+00
3.196615562420775269e+00 2.312694018254165229e+01 2.000000000000000000e+00
1.502238761937095379e+00 1.970060812574604370e+01 2.000000000000000000e+00
1.537182585049297501e+00 1.969272068084593030e+01 2.000000000000000000e+00
-1.503593746233659445e+01 3.842890888409868477e+00 3.000000000000000000e+00
-2.249338469097138216e+01 -4.657482477165619805e-01 3.000000000000000000e+00
-1.760446951205168276e+01 -4.216730650406432801e+00 3.000000000000000000e+00
-1.788362316957110920e+01 1.752133163560651630e+00 3.000000000000000000e+00
-2.517695370317882464e+01 2.551201947356268818e+00 3.000000000000000000e+00
-1.991075109178803970e+01 5.290171229183274093e+00 3.000000000000000000e+00
-1.904763564980595092e+01 -2.397525790883873853e+00 3.000000000000000000e+00
-2.267571244507699291e+01 1.701482306652479348e+00 3.000000000000000000e+00
-2.150221481957800762e+01 -1.092089356588431759e+00 3.000000000000000000e+00
-2.532527752067050741e+01 -6.961402683433905170e-02 3.000000000000000000e+00
-1.700706069222669115e+01 -2.948591395275934612e+00 3.000000000000000000e+00
-1.968632225781555078e+01 -1.965231818488176740e+00 3.000000000000000000e+00
-2.165373890512151434e+01 -2.686238084620599320e+00 3.000000000000000000e+00
-2.099445840283739528e+01 -5.217541896034529003e+00 3.000000000000000000e+00
-1.364374703214956774e+01 2.893266668701898858e+00 3.000000000000000000e+00
-1.060685499619341954e+01 9.551010191624911272e+00 3.000000000000000000e+00
-2.138099146671608608e+01 4.523708531432554913e+00 3.000000000000000000e+00
-2.048103708427489167e+01 -6.166587097638584147e+00 3.000000000000000000e+00
-2.745917614348848446e+01 -1.104905468719906914e+00 3.000000000000000000e+00
-1.843841262011621041e+01 3.846230735358445174e-01 3.000000000000000000e+00
-1.365398180208830681e+01 -7.425343455071130805e+00 3.000000000000000000e+00
-2.817482572389327800e+01 -2.745340906810403325e+00 3.000000000000000000e+00
-1.790395744082272245e+01 -8.970052365145599893e+00 3.000000000000000000e+00
-1.389513832084443123e+01 -6.179771830725399262e+00 3.000000000000000000e+00
-1.571968331804637842e+01 1.443481172204991392e+00 3.000000000000000000e+00
-1.115393208441525452e+01 2.332089926476756669e-01 3.000000000000000000e+00
-1.685546413744913963e+01 1.060289145810282330e+00 3.000000000000000000e+00
-1.980080320331837740e+01 5.515823757181781417e-01 3.000000000000000000e+00
-2.120937464248088133e+01 -6.599547600507676748e+00 3.000000000000000000e+00
-2.551905282900838401e+01 2.435362204796201469e-01 3.000000000000000000e+00
-2.108457375605631157e+01 -5.996464544305939171e-02 3.000000000000000000e+00
-2.466055320384935712e+01 -3.939142976290462617e+00 3.000000000000000000e+00
-2.587242162298561965e+01 -7.798671076841855232e+00 3.000000000000000000e+00
-2.062107622008906915e+01 -4.220115399922880428e+00 3.000000000000000000e+00
-2.387377239863419121e+01 9.335826301020372142e+00 3.000000000000000000e+00
-1.790234358123124991e+01 -2.560262786472496277e+00 3.000000000000000000e+00
-1.900444495227263886e+01 1.397349353190467269e+00 3.000000000000000000e+00
-2.156173597168736578e+01 2.828625163941934861e+00 3.000000000000000000e+00
-2.161973010070204282e+01 9.690789869797903355e-01 3.000000000000000000e+00
-2.260364419783185852e+01 4.579741739922090993e+00 3.000000000000000000e+00
-1.423501364095499966e+01 -4.441569469569733863e-01 3.000000000000000000e+00
-2.422459835691164542e+01 9.290896862666448541e+00 3.000000000000000000e+00
-1.659466271024775352e+01 -2.775947225512997107e+00 3.000000000000000000e+00
-2.037270459351859841e+01 4.159860183014572499e+00 3.000000000000000000e+00
-2.324583347730536076e+01 -2.905369843771566263e+00 3.000000000000000000e+00
-2.620621887781466697e+01 -6.129965437050996613e+00 3.000000000000000000e+00
-1.748689423288972122e+01 3.610518767286024389e+00 3.000000000000000000e+00
-1.632273719264705036e+01 -6.118863484133818531e-01 3.000000000000000000e+00
-1.739824392642383799e+01 1.392723120562529227e+00 3.000000000000000000e+00
-2.608579950031832340e+01 -3.140397011049281595e+00 3.000000000000000000e+00
-2.460061505387461267e+01 -7.092654116916750517e+00 3.000000000000000000e+00
-1.933038711207767690e+01 -3.359328151777281057e+00 3.000000000000000000e+00
-2.339516254843945475e+01 4.707760769339896179e+00 3.000000000000000000e+00
-2.171118861519233079e+01 9.390105968114214052e-01 3.000000000000000000e+00
-1.459082899574611503e+01 7.693577099513640327e+00 3.000000000000000000e+00
-2.292602867381086895e+01 -6.909352792064495929e+00 3.000000000000000000e+00
-2.337229688088484281e+01 -2.932838750288009777e+00 3.000000000000000000e+00
-2.015355401124407919e+01 -1.025815921578520218e+01 3.000000000000000000e+00
-2.969274967732936332e+01 4.153948098862721316e+00 3.000000000000000000e+00
-1.419348233792842784e+01 1.572046830599216349e+00 3.000000000000000000e+00
-2.169973411852338785e+01 -2.191802413894927692e+00 3.000000000000000000e+00
-1.439707564552159624e+01 2.021537379629753328e+00 3.000000000000000000e+00
-1.876013282192858966e+01 -2.525991737083188582e+00 3.000000000000000000e+00
-1.702050394019289925e+01 -8.183423330704295395e+00 3.000000000000000000e+00
-2.083468734294023506e+01 2.039815203608612570e+00 3.000000000000000000e+00
-1.768356178482047980e+01 -1.001023715906983469e+00 3.000000000000000000e+00
-2.435260645516624223e+01 1.872048753246208452e+00 3.000000000000000000e+00
-1.373851441339329860e+01 6.213422492396828645e+00 3.000000000000000000e+00
-2.010342638789967040e+01 4.306224339594555417e+00 3.000000000000000000e+00
-2.440969380740071415e+01 -6.030632232730738451e+00 3.000000000000000000e+00
-1.718791666637909188e+01 -4.625633215459229675e+00 3.000000000000000000e+00
-1.707933090172360480e+01 2.455409280173569186e+00 3.000000000000000000e+00
-2.041838707514333606e+01 2.016655502499394181e+00 3.000000000000000000e+00
-2.550548781294257950e+01 2.781299346776288761e+00 3.000000000000000000e+00
-2.176775933936691843e+01 -5.098621363250828153e+00 3.000000000000000000e+00
-1.871802861384026784e+01 -1.641180625199337717e+00 3.000000000000000000e+00
-1.957615035752705523e+01 7.190203375852044942e+00 3.000000000000000000e+00
-2.623231728909021498e+01 2.162956964984576569e+00 3.000000000000000000e+00
-2.302659968647811439e+01 -3.746348141097656792e-01 3.000000000000000000e+00
-1.676518760091896709e+01 -3.283867597479493750e+00 3.000000000000000000e+00
-1.457670589063575051e+01 -5.434292791827004088e+00 3.000000000000000000e+00
-2.131780531609864582e+01 3.479940286396620230e+00 3.000000000000000000e+00
-2.170357353876969242e+01 4.405370778657082376e+00 3.000000000000000000e+00
-2.398645937243918524e+01 1.931068963251452719e-01 3.000000000000000000e+00
-1.633737469047488844e+01 -1.723673327115574194e+00 3.000000000000000000e+00
-1.675629622039979694e+01 -5.429230384915721963e+00 3.000000000000000000e+00
-1.348177611667179221e+01 3.048951416556235472e+00 3.000000000000000000e+00
-1.884550738173732398e+01 -1.414168368034610657e-01 3.000000000000000000e+00
-1.982962470614515027e+01 4.911126783513772409e+00 3.000000000000000000e+00
-1.512349730902532841e+01 -6.305562644669024053e+00 3.000000000000000000e+00
-1.984979030813101275e+01 -5.801435808474535882e+00 3.000000000000000000e+00
-2.666879954521990470e+01 -2.684229901758382386e+00 3.000000000000000000e+00
-2.235155485473020320e+01 3.282021644325715748e+00 3.000000000000000000e+00
-1.404882115875912163e+01 3.795883905043742068e+00 3.000000000000000000e+00
-1.116653221881706948e+01 6.848221925185752568e+00 3.000000000000000000e+00
-1.839548390646709564e+01 -1.010452379326648220e+00 3.000000000000000000e+00
-1.991515611649777640e+01 -3.671888249765256074e+00 3.000000000000000000e+00
-1.381799338450357695e+01 4.324108883736237807e+00 3.000000000000000000e+00
-1.846502045564513850e+01 -3.939785765358202241e+00 3.000000000000000000e+00
-2.142371278623997455e+01 1.203212545319081589e-01 3.000000000000000000e+00
2.197152651726140160e+00 -2.231535244977106558e+01 4.000000000000000000e+00
-4.946492824494971963e+00 -2.500715117880224980e+01 4.000000000000000000e+00
-1.611443557038411800e+00 -2.133442624944500565e+01 4.000000000000000000e+00
-3.293677245565988176e+00 -2.089145179701165844e+01 4.000000000000000000e+00
2.032322083696161297e+00 -2.755411454907836699e+01 4.000000000000000000e+00
1.718627975945700603e+00 -2.284780067888456756e+01 4.000000000000000000e+00
-1.078641704915977773e+00 -1.456934065811166334e+01 4.000000000000000000e+00
3.553991741204475030e+00 -2.905073657416077992e+01 4.000000000000000000e+00
-3.359652637579523038e+00 -1.819959880793691553e+01 4.000000000000000000e+00
-1.239276383043411123e+01 -2.349076995049200534e+01 4.000000000000000000e+00
3.806814512416233920e-01 -2.581099936341340140e+01 4.000000000000000000e+00
-2.023941053230272402e+00 -2.412525906656385288e+01 4.000000000000000000e+00
3.085826842154614003e+00 -1.727505626817169215e+01 4.000000000000000000e+00
5.333100252801121322e+00 -1.713409517214089206e+01 4.000000000000000000e+00
-1.820474835690580440e+00 -1.548727555814970813e+01 4.000000000000000000e+00
-2.084374609751696195e+00 -2.270611422394026491e+01 4.000000000000000000e+00
2.176422991462411360e+00 -2.736040496911417463e+01 4.000000000000000000e+00
-9.428790852361249586e-01 -2.377290481200216377e+01 4.000000000000000000e+00
1.688163921947994361e-01 -1.756094794482236665e+01 4.000000000000000000e+00
-8.374323660677685410e+00 -2.316493702810938160e+01 4.000000000000000000e+00
5.239239181425567438e+00 -1.139907558710332580e+01 4.000000000000000000e+00
3.375133982912699615e+00 -3.018481326730339731e+01 4.000000000000000000e+00
8.377945264979135942e+00 -1.218104231030515905e+01 4.000000000000000000e+00
-4.036361532817240860e-01 -2.472637180815270241e+01 4.000000000000000000e+00
-2.681348614753000348e+00 -2.089876750778802261e+01 4.000000000000000000e+00
2.790021680422526962e-01 -2.004001545866460887e+01 4.000000000000000000e+00
8.613381718862298531e-01 -2.667307051902969306e+01 4.000000000000000000e+00
7.340255213423035663e+00 -2.111099230500838431e+01 4.000000000000000000e+00
8.646458821111809856e-01 -1.633194131122305848e+01 4.000000000000000000e+00
1.293703742308416116e+00 -2.045064204912446115e+01 4.000000000000000000e+00
4.732794124215320974e-01 -1.803969911253991398e+01 4.000000000000000000e+00
-3.727299701350483385e+00 -1.697020479362184631e+01 4.000000000000000000e+00
-1.620301808799190946e+00 -2.108421399924115391e+01 4.000000000000000000e+00
4.437194323060016099e-02 -2.255178738936737304e+01 4.000000000000000000e+00
-3.604796581327650351e+00 -1.806149132398552126e+01 4.000000000000000000e+00
-5.125998843615531264e+00 -1.048408346287830817e+01 4.000000000000000000e+00
9.553487505213569264e+00 -2.381524599628315997e+01 4.000000000000000000e+00
3.660895900404729897e+00 -1.975548673300767177e+01 4.000000000000000000e+00
4.822452191527113463e+00 -1.918786350748365876e+01 4.000000000000000000e+00
2.222617932023259968e+00 -1.000988821448220811e+01 4.000000000000000000e+00
6.153564165853131485e+00 -1.944737836514004670e+01 4.000000000000000000e+00
5.364637446945682564e-01 -2.488470696264528215e+01 4.000000000000000000e+00
2.941749507431985045e+00 -2.776626885431504377e+01 4.000000000000000000e+00
3.580385889849888592e-01 -2.460950615494289195e+01 4.000000000000000000e+00
-1.337346631108804917e+00 -1.728739022830689009e+01 4.000000000000000000e+00
7.088964879059405089e-01 -1.137707606434704388e+01 4.000000000000000000e+00
1.352551142442316223e+00 -1.688476276709083024e+01 4.000000000000000000e+00
-2.472146073454114301e+00 -1.709133070841561164e+01 4.000000000000000000e+00
-4.612164839375902048e+00 -2.147015556132737402e+01 4.000000000000000000e+00
5.002489010015920279e+00 -2.427175945345767261e+01 4.000000000000000000e+00
-3.853362912498551118e+00 -1.480835639440853591e+01 4.000000000000000000e+00
-8.102878450751472172e+00 -2.135700168745778527e+01 4.000000000000000000e+00
5.003105435084843400e+00 -2.493962515815896452e+01 4.000000000000000000e+00
1.356625839597140448e+00 -2.005088596242554289e+01 4.000000000000000000e+00
-5.708548399926353767e+00 -1.841382141889676660e+01 4.000000000000000000e+00
-9.008935609972676950e-01 -1.595170623628055040e+01 4.000000000000000000e+00
-3.677227197971966177e+00 -1.829092564635497453e+01 4.000000000000000000e+00
1.236474824504927739e+00 -1.219057418873088139e+01 4.000000000000000000e+00
-2.088673529524326167e+00 -1.547103326633114584e+01 4.000000000000000000e+00
-3.696226401920822191e+00 -2.224969522596913407e+01 4.000000000000000000e+00
-5.466671779146371257e+00 -2.152405467262621030e+01 4.000000000000000000e+00
-3.254086668429801321e+00 -1.761020557037325673e+01 4.000000000000000000e+00
9.611808869085954887e-01 -2.495689385228230961e+01 4.000000000000000000e+00
-5.476814984771950279e+00 -1.738589857933065019e+01 4.000000000000000000e+00
3.928535008718120114e+00 -2.891264466718622472e+01 4.000000000000000000e+00
-2.130189463114895432e+00 -2.591805299017802255e+01 4.000000000000000000e+00
4.737213708922091149e-01 -2.479860066930897489e+01 4.000000000000000000e+00
1.270485235502199828e+00 -1.941658324225826604e+01 4.000000000000000000e+00
-2.067905170005226889e+00 -1.318546503587403151e+01 4.000000000000000000e+00
2.614039048841612090e+00 -2.468071331840905103e+01 4.000000000000000000e+00
1.953634959477865252e+00 -2.082140625212011287e+01 4.000000000000000000e+00
1.349536647478042362e+00 -1.884036955043329087e+01 4.000000000000000000e+00
-1.680475732859060045e+00 -1.862085370529809225e+01 4.000000000000000000e+00
4.059200268287471047e+00 -2.015602390375981656e+01 4.000000000000000000e+00
2.194780786607156475e+00 -2.062806951043032200e+01 4.000000000000000000e+00
-7.285393873213775962e+00 -1.915661143868984340e+01 4.000000000000000000e+00
3.321809497650382248e+00 -2.583478590132326502e+01 4.000000000000000000e+00
7.056938910846808355e+00 -1.761208298823952489e+01 4.000000000000000000e+00
-3.341911709374927764e+00 -1.659408552718041463e+01 4.000000000000000000e+00
6.911533644422708456e+00 -1.249859388982267205e+01 4.000000000000000000e+00
3.520180906698221701e+00 -2.676195736340471854e+01 4.000000000000000000e+00
-8.921560543843115587e-01 -9.737675182691759801e+00 4.000000000000000000e+00
-3.002997875387582560e+00 -3.085071897343046032e+01 4.000000000000000000e+00
-1.405679836710574948e+00 -1.837735939076011960e+01 4.000000000000000000e+00
-3.630990585411139060e-01 -2.367344342718283201e+01 4.000000000000000000e+00
-3.376790122982141207e-01 -2.433690477968444910e+01 4.000000000000000000e+00
2.892809965833786912e+00 -2.603415481941129173e+01 4.000000000000000000e+00
1.225431853396944382e+00 -2.050495142997236542e+01 4.000000000000000000e+00
1.104757670109730361e+00 -1.474995968978431549e+01 4.000000000000000000e+00
5.885737557668041298e+00 -2.002420817555293198e+01 4.000000000000000000e+00
8.601228122702192280e+00 -1.178101639410920143e+01 4.000000000000000000e+00
9.792156770843806868e+00 -2.100488844171869118e+01 4.000000000000000000e+00
5.662885196540508481e+00 -2.217770132459130750e+01 4.000000000000000000e+00
6.417608000279108049e-01 -1.675197528654339507e+01 4.000000000000000000e+00
-1.084164951827652157e+00 -1.596891171832292500e+01 4.000000000000000000e+00
-4.080248624217872155e+00 -2.247075875014056123e+01 4.000000000000000000e+00
3.070778474510897471e+00 -1.654755960313191210e+01 4.000000000000000000e+00
-3.017327779764218398e+00 -1.616153493642728733e+01 4.000000000000000000e+00
-7.723414168112945066e-02 -2.119600404228090440e+01 4.000000000000000000e+00
1.824902967563907685e+00 -2.364891832597786703e+01 4.000000000000000000e+00
