#   X   ;   Y = X^3 + N(0,1)
-8.294523827069610888e-02 -1.310449493027567236e+01
5.708435384969741122e+00 1.945537197939254952e+02
-6.482092721803295987e+00 -7.701308043182039853e+01
5.551188411396788425e+00 1.764341054148720502e+02
-1.168543631212589418e+00 3.142768971905501640e+00
7.239344080452660535e+00 4.275914681798793708e+02
1.900253586802433503e+00 -2.343775122787432252e+01
-4.570366536653569511e+00 1.104637870663956356e+01
-7.683346410574499075e+00 -1.921398758270204041e+02
5.532218185091259954e-01 -2.049106987614800701e+01
-2.936362582068241522e+00 2.490301215117483125e+01
-1.840660876676945890e+00 1.292412202396714349e+01
-9.404929053596990940e+00 -4.598719255708766696e+02
8.071402695479758194e+00 6.023739819601609042e+02
-9.449217328134558613e+00 -4.675898650421306115e+02
-4.032609414068666354e-01 -8.668619786007690564e+00
5.303662481842852827e+00 1.490068517910012531e+02
7.964976501459801739e-01 -2.296150813549065006e+01
6.737395470325388658e+00 3.399956895152238303e+02
-3.085817868009330667e+00 2.361722986929608226e+01
9.579585400348634039e+00 1.013245807163668701e+03
8.958475713083480230e+00 8.268605216573002963e+02
-3.480708995123904970e+00 2.489902847051004642e+01
-9.013541925984645431e+00 -3.862401558251361848e+02
-2.473156779948824102e+00 1.991563897961883001e+01
-5.683274205482959474e+00 -2.783516086067904283e+01
-2.505476939528250568e-02 -1.503712662196831751e+01
5.965617590394629133e+00 2.278408918404218184e+02
9.546191111334355384e+00 1.004469830737281541e+03
-1.836396460025559563e+00 1.177743330275533395e+01
-7.907514208635905817e+00 -2.184288725500757948e+02
-7.791285336718345889e+00 -2.042549384256778069e+02
-7.448028546038793607e+00 -1.657841899323988741e+02
-2.914469204773042499e+00 2.403075688999106418e+01
3.707434964537181799e+00 2.861857945786307411e+01
-8.687481750441996553e-01 -2.072268016194386941e+00
-1.506971964508355910e+00 9.062719343390927662e+00
-6.099847662769062318e+00 -5.043477068226499682e+01
-4.823145440088829616e+00 5.853287111105354157e+00
-5.321882018118446744e+00 -1.117583347357273560e+01
-7.381415738529013559e+00 -1.588542062263348669e+02
6.098140757775951215e+00 2.438823096330729072e+02
2.533363662360947899e-01 -1.790114311441667283e+01
4.474747136843165052e+00 7.566924011406716488e+01
-5.934857350514503693e+00 -3.914624347428170381e+01
3.650829895180871532e+00 2.689159552189857294e+01
5.389438740394357552e+00 1.584129374385742040e+02
8.428143083694727977e-02 -1.566820416803644100e+01
-9.207839074877671948e+00 -4.219525776644071584e+02
-4.273293869626801467e+00 2.032238898360370527e+01
6.065956428536640743e-01 -2.316854220288861299e+01
5.925249314232756248e+00 2.208919658745146819e+02
3.764969923910125971e+00 3.076795212312780592e+01
-4.604884905582535382e+00 1.146565309034637892e+01
-1.219221565820355124e+00 2.766550335390673965e+00
-9.648259193173508663e+00 -5.079149969853608013e+02
-7.064781975640597622e+00 -1.266483971353993496e+02
-6.698797806489487527e+00 -9.450330146817793775e+01
-5.986997625802708001e-01 -7.705732609871738248e+00
-8.528616941399363327e+00 -3.067276103714164606e+02
-4.765297671765972964e+00 7.575783964045033514e+00
-8.422858896635151638e+00 -2.914290230908740114e+02
-5.555599817496861270e+00 -2.171473108471683489e+01
-4.889648079339217190e+00 5.423041675892486424e+00
-3.031677877175411595e+00 2.395209405467810981e+01
-7.166921664776475964e+00 -1.357077485267695067e+02
5.738567048698236306e+00 1.964391073173082134e+02
-4.810503895494246507e+00 5.385016030583766877e+00
3.084206079842743975e-02 -1.580312163817583659e+01
9.607195687430781561e+00 1.024084073306269602e+03
6.271434636246521421e+00 2.687928711238982373e+02
-3.503953781194699246e+00 2.383807735700305130e+01
2.330583999206652379e+00 -1.568129614483543577e+01
-1.643374148510423183e+00 9.602670559723307520e+00
6.181792150873274494e+00 2.553211828538097166e+02
-3.290258166435913623e+00 2.473054602362468657e+01
7.665150614354974579e+00 5.112528080287097509e+02
1.165615936338415537e-01 -1.613460829889261205e+01
3.963937243934365640e+00 4.264074874767358381e+01
-2.463600324941886299e+00 2.039209443638896246e+01
3.980366217571189580e+00 4.540274953577498707e+01
6.702805638593048343e+00 3.338631174375896080e+02
2.163262253887555886e+00 -1.838018107268073820e+01
-2.062193720969967003e+00 1.515140601283471078e+01
-4.902339992769208621e+00 4.006222714703730148e+00
-2.288139245758951112e+00 1.981701155714738150e+01
3.533634205448592525e+00 1.902488667001577838e+01
4.346485655925446778e+00 6.874697969490533467e+01
-7.619847262814404942e+00 -1.832170184732915743e+02
-9.990964069026112782e+00 -5.828122850848149028e+02
8.444958258699784892e+00 6.909244150719733852e+02
1.750856007484493659e+00 -2.533282494504455329e+01
1.643807112209408672e+00 -2.445780648107797717e+01
-1.188635240256507686e+00 3.151665408001079527e+00
-6.970413302038219072e+00 -1.179927593396687229e+02
7.693039592571690122e+00 5.179667841844240002e+02
2.269071415081898024e+00 -1.673978023084046285e+01
4.948694093934317806e+00 1.157103485491041397e+02
1.274672512452267981e+00 -2.509432513402484233e+01
5.981417726227682863e+00 2.292566501285114100e+02
