2.153011505881491061e+01 2.282034552820080009e+01
1.917503696237153932e+01 2.398412286448975550e+01
2.011243528313464779e+01 1.809677099629625374e+01
2.138207369994813689e+01 2.634695272375339670e+01
2.307290708120250855e+01 2.698366355441988063e+01
2.716263674382841842e+01 2.382605626617941752e+01
2.320147324070850203e+01 2.001369101593142474e+01
1.386892781232777594e+01 2.213711592537423556e+01
1.554067984777371514e+01 1.732028714240647105e+01
1.909556930231569893e+01 2.007472209265323571e+01
2.205931468990907263e+01 1.930635238837898271e+01
2.340511620261602843e+01 2.781428296581288606e+01
2.584552692169674515e+01 2.372199846294808978e+01
2.500190670556817807e+01 1.159689669343790897e+01
2.032348749537932164e+01 1.727427080537081849e+01
1.940395066376209243e+01 2.601905263833988613e+01
2.751169869621342556e+01 1.741373419507475973e+01
2.395640379555928590e+01 2.478084490302452991e+01
2.387244305046507620e+01 2.143786990612452570e+01
1.946603797720472429e+01 1.536461383011525683e+01
1.613566161838879509e+01 2.454790192609316435e+01
2.797349224713213545e+01 1.761952871489824446e+01
1.683055420236697586e+01 2.001203174459525513e+01
2.112238962609781723e+01 1.176781929150976680e+01
1.479398275411452701e+01 1.806920918381042540e+01
1.996731291558971577e+01 3.378613828568288113e+01
2.207764820099922076e+01 2.014449702398776054e+01
2.160599093776803059e+01 2.062382174453356498e+01
1.379666281563195085e+01 2.390008362965476962e+01
2.341958297012874368e+01 1.570678943190360144e+01
1.812412506503251919e+01 2.334690020387151321e+01
2.049159476782405775e+01 1.430989980691629881e+01
1.956320348655361840e+01 1.712806645245842674e+01
2.108418537326935649e+01 2.089562459157924579e+01
9.167000863506318709e+00 1.515409691575390205e+01
1.979431241865627911e+01 1.828240960125631176e+01
2.548139643664787002e+01 2.458814876449237374e+01
1.619515240286213142e+01 2.706638243693391033e+01
1.954539401690056621e+01 2.923950787251835592e+01
1.873039156623931589e+01 2.723651880609090270e+01
1.641835497893841733e+01 2.452179426783542127e+01
1.702741661254931671e+01 1.863958444948534421e+01
2.085977957496665169e+01 2.272394080882398981e+01
2.439626367963840892e+01 1.226877994704295460e+01
1.406717217553633859e+01 1.645023806389435350e+01
1.751234111465270971e+01 2.861323918368072228e+01
2.716661489411292507e+01 1.810968729145363909e+01
2.269164563997986761e+01 1.367559116165296018e+01
2.509131751136187916e+01 1.189498824531212939e+01
2.138928080542648402e+01 1.892366574887152098e+01
1.654914388951711146e+01 1.750635999878667803e+01
1.782397360610194781e+01 1.727313275507964008e+01
1.673294543067680351e+01 1.830910054472506587e+01
2.186826019165221879e+01 1.787147872632781187e+01
1.864321235931802079e+01 1.677018260628005208e+01
1.775876002382609187e+01 2.317269949671459273e+01
2.343459768098516705e+01 1.472373217422030045e+01
1.972101411238577739e+01 2.388371326945139472e+01
1.194957674143496718e+01 1.814712191622075466e+01
1.887550684978696225e+01 2.390406398598385351e+01
1.583531364940279929e+01 1.670133159679381407e+01
2.384379887012317312e+01 1.759346532131764462e+01
2.554370798682171895e+01 1.472065163947695154e+01
2.118036225432365072e+01 2.281332914930796107e+01
1.286695801538556871e+01 2.181513136941678610e+01
2.005092375590172793e+01 1.369243785385056711e+01
2.857010836642702856e+01 2.349912100438908169e+01
1.816068767273705475e+01 1.211419789985242623e+01
1.758716216515171382e+01 2.377709554610598275e+01
2.006574157580430651e+01 1.788750014717331638e+01
2.640310537487671283e+01 2.115646051913056880e+01
1.994739972530593164e+01 3.216826085318847106e+01
7.828434656722150109e+00 1.078215432805930973e+01
1.323255407766879088e+01 1.775428337203786100e+01
1.940382127419144354e+01 2.109345239569145036e+01
1.777608285709378677e+01 1.765867818886994201e+01
1.615952781746602440e+01 1.861861663637727204e+01
2.714928271348335542e+01 1.351028954777187785e+01
2.838062310668911792e+01 2.200469619727331505e+01
1.742017990307272868e+01 1.848564283494124183e+01
2.541621599495463357e+01 1.764488757996319990e+01
2.644685069758268625e+01 2.589690869872270085e+01
1.268917190763843195e+01 1.512184074935720091e+01
2.396779772307507272e+01 2.249550308629346063e+01
1.399909173846159050e+01 1.814450273617559617e+01
2.551004474960471313e+01 1.986068344047635392e+01
2.379760875186963531e+01 1.779987510493086589e+01
1.435159870335404442e+01 1.669177042901073804e+01
1.943085949323171491e+01 2.176119880351870250e+01
2.122080571631864387e+01 2.476367873635792805e+01
1.875508913247893972e+01 2.108234529038056237e+01
2.286635675794895661e+01 2.615805765782823045e+01
1.838850626633496077e+01 2.702891154251638284e+01
2.652171138689597285e+01 2.925008694895070960e+01
2.384319436498338973e+01 2.480773825364735430e+01
1.699731834632617833e+01 2.298344784282246778e+01
2.065763425420842836e+01 2.067353370825855663e+01
2.578536266231090224e+01 1.996358474660263482e+01
1.637282433018265237e+01 2.391297163249483049e+01
2.160586255183607918e+01 2.318698430414181999e+01
-1.913501858144427814e+01 2.593111834846149932e+01
-1.802985330012308651e+01 2.173758618846089163e+01
-2.330049090402151890e+01 1.607235492228731744e+01
-1.569831027740806917e+01 1.952274613852161167e+01
-1.069931635063416131e+01 2.678134115968579465e+01
-2.043447354378989189e+01 1.424935005535566113e+01
-2.305540954590221148e+01 1.731343806105534355e+01
-1.908582240351782033e+01 2.218399614956841148e+01
-2.322010066725578881e+01 1.699557105969340753e+01
-2.229126397508072444e+01 2.211308224615474671e+01
-1.795886214383141777e+01 1.624083304896718971e+01
-1.760690962192984799e+01 2.699333995456948898e+01
-2.014043583677426952e+01 2.027978658028427006e+01
-1.830259941118796618e+01 2.499886986566927050e+01
-1.715604824185177435e+01 1.781186108486592090e+01
-2.025274910152073105e+01 1.900221843129471821e+01
-1.912757560285613678e+01 1.857047132453221394e+01
-2.154024902183602563e+01 1.613642019613203615e+01
-1.709077038759671652e+01 2.182001081013220656e+01
-1.613864918601234422e+01 1.449547612033244448e+01
-2.029346996826967597e+01 1.625346608159132344e+01
-2.391824014655315267e+01 2.480041134749310316e+01
-2.208246378711767477e+01 2.149378612501866215e+01
-1.951141515401417692e+01 3.074973392683142492e+01
-2.272551447094834032e+01 2.408385084939800080e+01
-1.737613572899733683e+01 1.281533454938034566e+01
-1.860643652897287836e+01 1.374738624738060722e+01
-2.261345029828927622e+01 1.555528161570898682e+01
-2.376276223891636619e+01 2.016236294340816571e+01
-2.159361366725513065e+01 2.439068685025349481e+01
-1.687676780965797363e+01 2.140004172574133889e+01
-1.590273196265554034e+01 2.227724554520370859e+01
-2.075177351348337496e+01 1.721844272750219318e+01
-2.776023454103262011e+01 1.589949147777148575e+01
-1.756800991498663933e+01 1.966004314639670980e+01
-1.426112188944380677e+01 1.513266265247527542e+01
-1.450261646476231903e+01 2.521025565601925678e+01
-1.290100780038492800e+01 8.485280078784109392e+00
-2.419896753955105240e+01 1.962264821814807547e+01
-1.649374337261794210e+01 2.109828438135496853e+01
-1.376075830196962713e+01 2.353039277505457605e+01
-1.337992226543183882e+01 1.634388366930863512e+01
-1.723227913295164626e+01 2.019455130898453277e+01
-2.433924214966901189e+01 1.846255743985055986e+01
-1.915857931369262701e+01 2.719126770663589099e+01
-2.143378482190307110e+01 2.039035753865966427e+01
-2.151512393398045830e+01 1.599353604997601863e+01
-2.645440518024091148e+01 2.273777135212412048e+01
-2.028621992180911704e+01 1.261388708470707698e+01
-2.088168356603144105e+01 2.144539971392793731e+01
-1.877372166321179847e+01 1.317680647981596209e+01
-2.314707344428756386e+01 2.485136040243092381e+01
-1.852888045312149146e+01 2.286245825928263287e+01
-2.192148125847331741e+01 1.559293884687340537e+01
-3.092668165427830118e+01 2.035472456697295840e+01
-2.476978256679311841e+01 2.027316727919280837e+01
-1.720418239349330136e+01 1.530059700164543557e+01
-2.409776797637906753e+01 2.024062777525081103e+01
-1.897966758362395723e+01 2.487111475369950142e+01
-1.686732133796905586e+01 1.864344849645581093e+01
-1.093764407375149794e+01 2.158901001229377670e+01
-2.285687612557815029e+01 2.153755541301021736e+01
-1.823623120369870065e+01 1.614848564273081521e+01
-1.756367119310808889e+01 2.049787474580804414e+01
-2.287966493470181817e+01 2.025041354783563108e+01
-1.768578060934023455e+01 2.335286054742488915e+01
-1.544390933562241841e+01 1.815082442776413174e+01
-2.304820067520517668e+01 2.780939311972964845e+01
-2.389792001285098877e+01 1.832467436124587579e+01
-2.500825679691165249e+01 9.073840071442209165e+00
-1.772074021615374662e+01 2.241632817405629652e+01
-2.062440578880873332e+01 1.829399943763877801e+01
-1.170759486349289347e+01 1.451129270227750112e+01
-1.706159265374612133e+01 1.706711483194607126e+01
-1.855484117498538410e+01 2.249349373406513308e+01
-1.969868609121920144e+01 1.520773593867687623e+01
-2.059503856028822000e+01 2.388593070519554828e+01
-2.438411948839431886e+01 2.193775226876907425e+01
-2.649564208851387548e+01 2.703011423989678619e+01
-3.150329711064968308e+01 2.048417656995080449e+01
-2.475104367908538805e+01 2.135763932985481972e+01
-2.664547816157531912e+01 1.983922316938856412e+01
-2.191369176485047277e+01 1.691978806771283672e+01
-2.138815525172567789e+01 2.379752002628177365e+01
-1.798800034383765478e+01 2.186455879317421847e+01
-1.650599976421353432e+01 2.080435841129425611e+01
-1.974274331130983384e+01 2.239054512702664823e+01
-3.111598267827935871e+01 2.427922503757819683e+01
-1.358913481372132814e+01 1.749129776176253870e+01
-2.302973865062103442e+01 2.815090990115194813e+01
-1.806290939449046817e+01 2.155946264573473314e+01
-1.858208633044473856e+01 9.882367383671917693e+00
-2.126438521166839379e+01 2.589871657818840589e+01
-1.388195612361605313e+01 1.707341312629659669e+01
-1.627153996167428929e+01 1.491053544106051021e+01
-2.217342896682255216e+01 2.028357326076885769e+01
-1.311443657760878878e+01 2.127624442665752724e+01
-1.729248710533698130e+01 1.836304100725733690e+01
-1.175218003284365587e+01 2.044971002729549525e+01
-1.350040317813502710e+01 1.905433963368700034e+01
-2.683653020381841969e+01 -2.054681117824022962e+01
-3.033664326676791134e+01 -1.931914059246433979e+01
-2.110486536571714922e+01 -2.529290764837681849e+01
-2.049676138494256961e+01 -1.962467925750904385e+01
-1.807773776563593415e+01 -2.132882756573656380e+01
-2.296120027781051220e+01 -2.302208973812437165e+01
-2.953588452185613988e+01 -2.257475222640369594e+01
-2.285449721488861385e+01 -1.733885251216018730e+01
-1.392913732785124381e+01 -2.396171384216283329e+01
-1.480868879223705292e+01 -1.610173553673783786e+01
-1.770175385224828801e+01 -2.359905633992895702e+01
-1.886670334404110250e+01 -1.826491861214268653e+01
-1.844652535596716092e+01 -2.281203635321782386e+01
-1.758551738007253817e+01 -1.784734874176405128e+01
-1.661330146678538000e+01 -2.367683821576805769e+01
-1.807958720406842090e+01 -1.342692260414423799e+01
-2.084760715381027651e+01 -1.841151931303936706e+01
-1.508337502067337077e+01 -1.776747318925524866e+01
-3.154160632594473412e+01 -2.061242946837782952e+01
-1.908595989257359449e+01 -1.491932034076811320e+01
-2.313201186453589742e+01 -1.674533596649015266e+01
-1.918833694943101875e+01 -1.738567477554617469e+01
-1.605682132659827133e+01 -1.459844943799799388e+01
-2.232103953614711145e+01 -1.696848593548907402e+01
-7.583091644969682577e+00 -2.959341811318165938e+01
-1.544228574523242337e+01 -2.002900062861385422e+01
-7.025487396437769760e+00 -1.994033747913920962e+01
-1.285997660253853603e+01 -1.752315855580219761e+01
-2.208501151507568139e+01 -1.951647957429641167e+01
-2.398632544295587010e+01 -2.838098806680799413e+01
-2.016749696389540958e+01 -1.177451113371049196e+01
-1.661194266284118726e+01 -1.355914356091550488e+01
-2.451006807825509526e+01 -1.966719776340240955e+01
-2.123357541347025546e+01 -2.118721102125830313e+01
-1.848899102672412198e+01 -2.496890001617262556e+01
-2.632320752271584041e+01 -1.157767098793147120e+01
-1.697061846044406508e+01 -1.708551136721571950e+01
-2.476356089947549322e+01 -2.262150879668007875e+01
-2.124896539492113234e+01 -1.999414274687899251e+01
-2.355137506383034207e+01 -2.356781285651248936e+01
-2.412576957870065542e+01 -2.208914971004076122e+01
-1.978577266712327898e+01 -2.479389667786215767e+01
-2.400660917631472913e+01 -1.985726898037038168e+01
-2.221390754440690429e+01 -1.618929763212928918e+01
-2.091437643494699472e+01 -2.628639623674687442e+01
-1.261947884257117281e+01 -1.515588309469885786e+01
-1.895951269433246011e+01 -2.778502411812564787e+01
-2.368673053672161188e+01 -1.921281384519151558e+01
-2.237301010557623826e+01 -1.663975137545795491e+01
-2.477500966220585710e+01 -1.801900244124404082e+01
-1.069329336259839280e+01 -2.309368282846014253e+01
-2.394665030750177692e+01 -2.226520095846170832e+01
-2.198088774018971137e+01 -1.208343046148280919e+01
-1.672454498336981743e+01 -1.983578630049247238e+01
-1.501421307964495711e+01 -2.075700054427466057e+01
-2.101578859931587573e+01 -1.468264050646252095e+01
-2.005030148837846582e+01 -1.985343939976248961e+01
-1.781619849463061911e+01 -2.157618539383070200e+01
-2.102786179261018162e+01 -1.735406792930308129e+01
-1.400592674965961848e+01 -1.999805063711809083e+01
-2.166574071601413110e+01 -1.782660214146030242e+01
-2.514621705411975228e+01 -2.254001283537424172e+01
-1.999404805800070761e+01 -2.338672692446989743e+01
-1.981481458720201516e+01 -2.400739946939773617e+01
-2.461746747180911399e+01 -1.521569259928850393e+01
-1.390271850520440822e+01 -1.900171300609401825e+01
-2.286479622484268859e+01 -2.107419753434602328e+01
-2.799605336203883965e+01 -1.235833192726109253e+01
-1.684793419017785254e+01 -1.488530848986119004e+01
-1.633372620305507184e+01 -2.140832382630128450e+01
-2.606047185204025141e+01 -1.844624481438103913e+01
-2.254294674167746493e+01 -1.602608398258460198e+01
-1.923937655872692432e+01 -2.781165420877407612e+01
-2.102906207900402435e+01 -1.286232448073181445e+01
-1.191460209024537242e+01 -1.991333533016615220e+01
-1.942163478558057577e+01 -2.059710651562323847e+01
-1.882866390036247495e+01 -2.117702691749398980e+01
-1.991577883311460440e+01 -1.726330334090782870e+01
-2.225563855897626908e+01 -1.747247061859637540e+01
-1.765944795582309368e+01 -2.512067326558935676e+01
-2.308015775935393776e+01 -2.053809587541319814e+01
-2.133204593843210972e+01 -1.706860685398822852e+01
-1.684272764031072711e+01 -2.323989953913249806e+01
-2.392266728936509423e+01 -2.505384881822728005e+01
-2.629692002836097231e+01 -2.487771920098126799e+01
-2.371189473333383901e+01 -1.723477828193366435e+01
-1.849676927955277606e+01 -3.199458875601146701e+01
-2.433425127551984346e+01 -2.717737861332494376e+01
-7.561873481684866505e+00 -2.161052919115858728e+01
-1.821316897343544383e+01 -1.945547048426384151e+01
-1.427201396682337453e+01 -2.587103793733475499e+01
-1.560247032520403287e+01 -2.576938508595823407e+01
-1.711358456085962487e+01 -2.976884529788072342e+01
-2.324298082314612302e+01 -1.581085423272939749e+01
-1.426492666117043129e+01 -1.743191562333458222e+01
-2.764257441636885204e+01 -1.625297393343720742e+01
-2.066650688008250469e+01 -2.090946773356919408e+01
-2.088733718374308879e+01 -2.079782471231387575e+01
-1.801519244389339036e+01 -1.629432548706660100e+01
-2.023773305896172303e+01 -2.032553397008923568e+01
1.240103731106669471e+01 -1.077432547861738854e+01
1.758909534180672907e+01 -2.121103160776402063e+01
2.181781427889177039e+01 -1.653595324678260781e+01
1.566219003290524547e+01 -2.029511139518946550e+01
1.685392125224448989e+01 -1.291391969836654852e+01
2.435657194456411645e+01 -1.841967512995055145e+01
2.656948243284800526e+01 -1.503644782137848068e+01
1.664620752453035024e+01 -2.105835375475373894e+01
2.075265070623371244e+01 -1.769777468668620912e+01
2.524526839237243081e+01 -1.618457025143434436e+01
1.334884696502381729e+01 -2.871411619389777314e+01
1.212770828212865304e+01 -1.807052739593524038e+01
2.003453036144457400e+01 -1.682365251395661332e+01
2.064196865612957410e+01 -1.573084814598675507e+01
2.663258991963067146e+01 -2.180183872429428149e+01
1.432343321882305709e+01 -2.009193593493409935e+01
1.927553784464948095e+01 -2.313063624927519157e+01
3.017716435462534719e+01 -1.955732916792656439e+01
1.902863528411675631e+01 -1.518479506201292573e+01
2.496423210344763532e+01 -1.641657830978415689e+01
1.857881504772184655e+01 -1.778020459908151452e+01
2.110163960516862147e+01 -2.347989025962932175e+01
2.435851369380540632e+01 -2.637160830208314977e+01
1.533683291431283990e+01 -2.290205664799519880e+01
2.402622955897518864e+01 -1.905455800495199981e+01
1.736838792645037444e+01 -2.042449337304818258e+01
1.741244671137192768e+01 -2.076474910708974875e+01
2.331105972996697773e+01 -2.470480010890534928e+01
1.339591256652542128e+01 -2.089729205867126538e+01
2.163392140802332619e+01 -1.497888293172315599e+01
1.788859377773162507e+01 -2.229528643618155570e+01
1.257708688850201817e+01 -2.502593305126908163e+01
2.323545281825782993e+01 -2.234010884860444435e+01
2.009068120381820677e+01 -1.368768968596279123e+01
1.588805478506068170e+01 -1.809889516047110902e+01
8.388157934653317938e+00 -2.231969176730504500e+01
2.981493759443358016e+01 -1.702508231059967514e+01
1.541568720681422455e+01 -2.057107199107892015e+01
2.292426604143658153e+01 -1.080208132048864833e+01
2.823764705708721579e+01 -2.262228083047562066e+01
2.214717581650346645e+01 -2.383667604081722402e+01
1.559705085594763929e+01 -1.980859972826343451e+01
1.304133319934022595e+01 -1.570567756231420375e+01
1.928378089997681855e+01 -1.980886480549634499e+01
2.556868619078897353e+01 -2.276591447560877413e+01
1.827823685145654764e+01 -2.437330223675541063e+01
1.890511111515631981e+01 -1.929786536714837197e+01
2.002437792535323524e+01 -1.370002510161637410e+01
2.785833213037187761e+01 -2.556464588523714809e+01
7.601531696634710400e+00 -1.680618023103938441e+01
2.114468861705886837e+01 -2.356254630218156620e+01
2.130393006182143623e+01 -2.209948611041464517e+01
2.678976970144520564e+01 -1.896040141001618551e+01
1.819220905348190698e+01 -2.137399618128420187e+01
1.945035415134514523e+01 -1.748637077231288472e+01
1.971985265890129213e+01 -2.538232243363323448e+01
1.350339558076558433e+01 -2.648724293008140052e+01
1.054957614713386960e+01 -1.718524864450921541e+01
2.172733845688343735e+01 -2.070593183625217293e+01
2.451074671896003565e+01 -2.239726009028036913e+01
1.676521805065532789e+01 -2.356066288425100552e+01
2.052048245082048084e+01 -1.783901361938691821e+01
2.325025827564518011e+01 -1.670264468747707198e+01
1.662446527180871314e+01 -1.673204096460105461e+01
1.348276133644392161e+01 -1.699586497038924193e+01
1.584186634812240868e+01 -1.632327483087010123e+01
1.654046089289740706e+01 -2.225867263367837978e+01
1.670835129308125389e+01 -1.940035872661346872e+01
1.980749309857522178e+01 -1.825707537664516877e+01
2.056396898737616397e+01 -2.703512200795227471e+01
2.073380579551008296e+01 -2.012918271290619643e+01
1.945224204463591278e+01 -1.967604828141966067e+01
1.324809063353255745e+01 -2.644292710339840013e+01
2.105007754282880938e+01 -2.215343201206913193e+01
1.372514871901759292e+01 -1.834436163374293827e+01
1.644175944903160413e+01 -2.048187971466327184e+01
1.448709939140696257e+01 -2.003906169643363810e+01
1.800859459066294121e+01 -2.429757808005554409e+01
2.255853453038323408e+01 -1.866939597654621608e+01
2.826900530543788648e+01 -2.698835683308082167e+01
1.968756134778190514e+01 -1.611830236796602378e+01
1.583831381713061504e+01 -1.714864105444393516e+01
2.186630722808927629e+01 -1.582812296729171564e+01
1.282991014243232719e+01 -1.929204119038005061e+01
2.711405403480347331e+01 -1.796754197396839459e+01
1.587015065616756182e+01 -1.994779523826008827e+01
2.103430483202997436e+01 -3.102680957516662374e+01
1.717626584767807074e+01 -2.623501831341359747e+01
1.187684643485352076e+01 -2.143121255821901627e+01
2.248945336694248454e+01 -1.754182483802202341e+01
1.448224323241123912e+01 -2.398392858412562845e+01
2.344637320650328505e+01 -1.868781923774499631e+01
1.777260648758102235e+01 -2.247133226960508523e+01
2.230993155681050055e+01 -2.139269019609727351e+01
2.146595432557244365e+01 -1.676086535298119884e+01
1.381424952395016348e+01 -2.066809357008900960e+01
1.612509511985909327e+01 -2.325810179044687231e+01
2.618812001848631610e+01 -1.124582897981515472e+01
2.036500779669174577e+01 -1.959921786016872858e+01
1.294477045391184689e+01 -1.942422756646397630e+01
