#   X1  ;   X2   ;   Y = 0 or 1
6.578919657287659817e+00 1.118546281822321475e+01 1.000000000000000000e+00
1.755094756492059815e+01 1.576387000015968809e+01 1.000000000000000000e+00
6.849865702283516100e+00 1.023560819109269993e+01 1.000000000000000000e+00
5.261105392775858647e+00 9.477316598928879898e+00 1.000000000000000000e+00
8.943519997857427128e+00 9.757472482637650657e+00 1.000000000000000000e+00
8.958173837162311415e+00 1.096848460732748443e+01 1.000000000000000000e+00
2.130648544104307973e+01 1.828088587610896099e+01 1.000000000000000000e+00
1.496805480144176670e+01 1.883504117133833944e+01 1.000000000000000000e+00
6.561484010044260629e-02 -1.939214005361828086e+00 1.000000000000000000e+00
6.682564131904639382e+00 7.670189057671004562e+00 1.000000000000000000e+00
1.466112328847108870e+01 1.178336532464665964e+01 1.000000000000000000e+00
1.034009759058282185e+01 1.546876614227378965e+01 1.000000000000000000e+00
1.369286353402484480e+01 1.342864024339608164e+01 1.000000000000000000e+00
1.130700492071607499e+00 4.009366095581587963e+00 1.000000000000000000e+00
3.313610213138359128e+00 9.813471087477553922e+00 1.000000000000000000e+00
1.294616024152713152e+01 1.363700455445840376e+01 1.000000000000000000e+00
9.755142468453547266e+00 1.452355551976129888e+01 1.000000000000000000e+00
9.049351377292751408e+00 3.456054843168349322e+00 1.000000000000000000e+00
7.613697930144103232e+00 8.785365653200896574e+00 1.000000000000000000e+00
7.817632318403509473e+00 8.702856339272134534e+00 1.000000000000000000e+00
1.993572864187989069e+00 8.570793389960233100e+00 1.000000000000000000e+00
4.413640850286048689e+00 5.373690933491478638e+00 1.000000000000000000e+00
-2.546414488293009981e+00 -1.996100167428739525e+00 1.000000000000000000e+00
7.676224012831625920e+00 1.011712265781550890e+01 1.000000000000000000e+00
8.568704651349104751e+00 8.925670356644920034e+00 1.000000000000000000e+00
1.342475714494976557e+01 1.720444794305332437e+01 1.000000000000000000e+00
3.399929299774549385e+00 7.299129118112840153e+00 1.000000000000000000e+00
-3.080698170388407320e+00 1.487730192952763986e+00 1.000000000000000000e+00
1.210680263104596044e+01 1.339117602703993271e+01 1.000000000000000000e+00
7.909243960539315665e+00 1.702478628705195973e+01 1.000000000000000000e+00
7.617427676464024522e+00 3.658277110550757882e+00 1.000000000000000000e+00
9.713591648289281011e+00 3.089675101146952763e+00 1.000000000000000000e+00
3.392795779491098784e+00 4.971297973296496586e+00 1.000000000000000000e+00
1.757839665861368417e+00 -9.350160834578158386e-01 1.000000000000000000e+00
1.117527755241783716e+01 6.198906991593702287e+00 1.000000000000000000e+00
1.734703658881752730e+01 1.357035858373236792e+01 1.000000000000000000e+00
8.282782949139111395e+00 1.900607152049154536e+00 1.000000000000000000e+00
5.451035413398791718e+00 1.152884563591664069e+01 1.000000000000000000e+00
1.121023347346982035e+01 1.612654444061942982e+01 1.000000000000000000e+00
2.982131878864862529e+00 7.831272969162447417e+00 1.000000000000000000e+00
5.291490899897517863e+00 1.005795895273122653e+01 1.000000000000000000e+00
1.955226341153739966e+01 9.589235400914084551e+00 1.000000000000000000e+00
-4.320922819005208027e+00 9.078038356916117380e+00 1.000000000000000000e+00
1.371275107593534059e+01 9.905131675861444052e+00 1.000000000000000000e+00
1.457806421324231749e+01 1.611989006117329382e+01 1.000000000000000000e+00
1.711049929091674215e+01 2.191707815988203123e+01 1.000000000000000000e+00
1.718100370547718825e+01 1.081341243275543462e+01 1.000000000000000000e+00
1.365743119763302360e+01 9.963591882172194047e+00 1.000000000000000000e+00
1.187822809207202823e+01 1.121121799083913650e+01 1.000000000000000000e+00
2.045147867848722711e+00 5.824814509117644867e+00 1.000000000000000000e+00
2.125249542903704381e+00 1.576868660506263708e+01 1.000000000000000000e+00
1.285783397078169621e+01 1.023706170186228093e+01 1.000000000000000000e+00
7.378548345141627607e+00 7.828029430494268581e+00 1.000000000000000000e+00
2.052624430859449234e+01 2.401814833365424917e+01 1.000000000000000000e+00
8.896563789068686390e+00 1.390836936426273063e+01 1.000000000000000000e+00
5.849967072321984318e+00 8.150201177671730690e+00 1.000000000000000000e+00
2.442099595928077349e+00 6.327385007607665202e+00 1.000000000000000000e+00
3.286285300807790577e+00 1.510718657598279613e+01 1.000000000000000000e+00
3.823858131235480684e+00 9.490064850562866638e+00 1.000000000000000000e+00
9.023193386543212569e+00 8.202354894686438413e+00 1.000000000000000000e+00
1.849988534281485997e+01 1.506181051798409598e+01 1.000000000000000000e+00
6.197409648689440331e-01 5.155093075149413728e+00 1.000000000000000000e+00
-6.218997208409913213e-01 6.253705668847189258e-01 1.000000000000000000e+00
5.239857328660955105e+00 7.987274757484108534e-01 1.000000000000000000e+00
5.399315203230405480e+00 6.219480382925656414e+00 1.000000000000000000e+00
1.969086085643357720e+01 1.250629720691028979e+01 1.000000000000000000e+00
2.255718262559687304e+01 1.554898216752813767e+01 1.000000000000000000e+00
4.371404389013981984e+00 9.652299164906446904e+00 1.000000000000000000e+00
1.307596303490179679e+01 2.136531974828840674e+01 1.000000000000000000e+00
1.230905004510799117e+01 9.334593630217216997e+00 1.000000000000000000e+00
3.850866983010138966e+00 6.342886959736508068e+00 1.000000000000000000e+00
1.750639204825163020e+01 1.243590470595595576e+01 1.000000000000000000e+00
1.228513785976712214e+01 1.318817911456210545e+01 1.000000000000000000e+00
3.113037146073750705e+00 4.029406534419805119e+00 1.000000000000000000e+00
2.641786993252316584e+00 1.492986277736285672e-01 1.000000000000000000e+00
8.227374959513820585e+00 9.515400460027787943e+00 1.000000000000000000e+00
8.181548793987843737e+00 7.288105411136328371e+00 1.000000000000000000e+00
9.233922924317536030e+00 8.214313863528856174e+00 1.000000000000000000e+00
-1.064566337281892316e+00 -3.198259332313082126e+00 1.000000000000000000e+00
3.450287819314447724e+00 1.475466699714605312e+00 1.000000000000000000e+00
-1.699664174612895096e+00 5.536763645995907979e-01 1.000000000000000000e+00
1.516674541902212070e+00 7.725300599747342289e+00 1.000000000000000000e+00
4.561707119666021271e+00 2.727815057315042147e+00 1.000000000000000000e+00
1.077162485228089217e+01 9.593135610555286519e+00 1.000000000000000000e+00
1.215485464362587820e+01 1.380914175287704104e+01 1.000000000000000000e+00
2.064359227236894512e+01 1.845459742779132029e+01 1.000000000000000000e+00
1.390930670081691645e+01 1.418277595992532625e+01 1.000000000000000000e+00
1.133846282814000617e+01 1.084839457884889136e+01 1.000000000000000000e+00
1.060078874810761818e+01 1.263441487405180297e+01 1.000000000000000000e+00
2.170269021845405533e+01 1.908374427565559728e+01 1.000000000000000000e+00
9.523580036974479412e+00 1.922862588659678806e+01 1.000000000000000000e+00
1.624389478631881900e+01 1.496229457591506673e+01 1.000000000000000000e+00
4.602549697985333310e+00 6.140085434640159434e+00 1.000000000000000000e+00
1.165825343479876608e+01 1.703587643461890622e+01 1.000000000000000000e+00
1.383562974424472181e+01 1.160913468090712719e+01 1.000000000000000000e+00
1.388327009329520756e+01 4.379930343496387657e+00 1.000000000000000000e+00
5.699341820786584911e+00 7.966648029532730213e+00 1.000000000000000000e+00
6.869901295798122476e+00 1.290324852148382462e+01 1.000000000000000000e+00
9.885840992845347230e+00 1.011433060088970137e+01 1.000000000000000000e+00
1.480312337534291700e+01 1.314496044603257374e+01 1.000000000000000000e+00
-1.556190019486814435e+01 -1.459617130986337585e+01 0.000000000000000000e+00
-1.115303983785215003e+01 -1.298248895566682748e+01 0.000000000000000000e+00
-1.093017526895024361e+01 -1.020442328643867747e+01 0.000000000000000000e+00
-1.755964223921000666e+01 -1.968145220397331840e+01 0.000000000000000000e+00
-7.342954799927852605e+00 -3.368944258023771177e+00 0.000000000000000000e+00
-5.369718598517868813e+00 -8.010055644082463289e-01 0.000000000000000000e+00
-1.334251634674316378e+01 -1.388441764189081873e+01 0.000000000000000000e+00
-2.125261696647782372e+01 -9.938218245118299876e+00 0.000000000000000000e+00
-8.762443248610708224e+00 -1.013693122567253191e+01 0.000000000000000000e+00
-1.676121543987058260e+01 -1.466448487354448460e+01 0.000000000000000000e+00
-1.406438290140569514e+01 -1.672638014891795422e+01 0.000000000000000000e+00
-9.992988817759723474e+00 -1.131956184632038998e+01 0.000000000000000000e+00
-7.963407938145462772e+00 -1.272063278917008766e+01 0.000000000000000000e+00
-7.808754888958135965e+00 -4.176539266159431385e+00 0.000000000000000000e+00
-9.033543125898294335e+00 -1.151694675830772852e+01 0.000000000000000000e+00
-3.597477091348215694e+00 -2.081830203122697398e+00 0.000000000000000000e+00
-1.741581373175846537e+01 -1.204729631554718949e+01 0.000000000000000000e+00
-1.323323409774629766e+01 -1.027732148526895628e+01 0.000000000000000000e+00
-1.581277782042393198e+01 -1.633009949788383608e+01 0.000000000000000000e+00
-1.718160119867609836e+01 -1.406340949802038232e+01 0.000000000000000000e+00
-2.857992688137457549e+00 -8.462461689949737575e+00 0.000000000000000000e+00
-1.267281995815086759e+01 -8.833511767589016017e+00 0.000000000000000000e+00
-9.469968008221121281e+00 -8.075908714322020288e+00 0.000000000000000000e+00
-1.256741263788903495e+01 -1.603027474624356330e+01 0.000000000000000000e+00
-1.608954440918931894e+01 -1.611577890174182315e+01 0.000000000000000000e+00
-1.334653789455617101e+01 -1.570506020525463597e+01 0.000000000000000000e+00
-1.504734462992309041e+01 -1.800057585932502491e+01 0.000000000000000000e+00
-9.773869831174611278e+00 -1.030932673228405783e+01 0.000000000000000000e+00
-7.131935100217253520e+00 -1.606164131476730006e+01 0.000000000000000000e+00
-3.492041243014577745e+00 -1.423668488594221770e+01 0.000000000000000000e+00
-6.656571791994625897e+00 -9.505433352252971702e+00 0.000000000000000000e+00
-1.700209540119896801e+01 -1.403737336509860967e+01 0.000000000000000000e+00
-4.795744307399870010e+00 -6.982342668249009954e+00 0.000000000000000000e+00
-1.694523841505814943e+01 -1.491664827785640668e+01 0.000000000000000000e+00
-1.502490828388486044e+01 -1.330154850085475005e+01 0.000000000000000000e+00
-1.791759645419497105e+01 -2.040644913553684603e+01 0.000000000000000000e+00
-1.365305950896479992e+01 -1.269166096370311436e+01 0.000000000000000000e+00
-1.728148965522094116e+01 -1.998514878161091701e+01 0.000000000000000000e+00
-5.117555752971555627e+00 -1.294680335777484004e+01 0.000000000000000000e+00
-1.190081987948321540e+00 -4.592926397493556578e+00 0.000000000000000000e+00
-9.942796955458872432e+00 -1.067027691718229221e+01 0.000000000000000000e+00
-1.118245624979157249e+01 -2.009224808995764633e+01 0.000000000000000000e+00
-1.366409739258682876e+01 -8.628595406107121946e+00 0.000000000000000000e+00
-1.891820179995157858e+01 -1.274498727219137884e+01 0.000000000000000000e+00
-5.794243252867943283e+00 -3.705719098642077824e+00 0.000000000000000000e+00
-1.286983605576026868e+01 -1.323909004862017369e+01 0.000000000000000000e+00
-1.974793347774220820e+01 -2.093990197101251738e+01 0.000000000000000000e+00
-4.202837797131341091e+00 -8.071525619622796910e-01 0.000000000000000000e+00
-5.283522619318090641e+00 -4.965648876665055056e+00 0.000000000000000000e+00
-1.247983602870846731e+01 -1.865187157602067103e+01 0.000000000000000000e+00
-1.265706353988788813e+01 -1.199807146796030111e+01 0.000000000000000000e+00
-8.917716364881812297e+00 -1.155759063231964134e+01 0.000000000000000000e+00
-1.173159319377318432e+01 -1.452215301413187198e+01 0.000000000000000000e+00
-2.424655312255572426e+01 -1.883369014616202008e+01 0.000000000000000000e+00
-1.583423031929342351e+01 -1.643575319427183956e+01 0.000000000000000000e+00
-5.868370732635245446e+00 -6.162365049595690536e+00 0.000000000000000000e+00
-1.310804249756816375e+01 -1.488668284799241093e+01 0.000000000000000000e+00
-1.524792960820237830e+01 -1.313958065018426424e+01 0.000000000000000000e+00
-9.563549551639642488e+00 -1.041586191883305013e+01 0.000000000000000000e+00
-8.068195774506408569e+00 -1.675314655380067208e+01 0.000000000000000000e+00
-6.197454991681746961e+00 -1.162385425181516752e+01 0.000000000000000000e+00
-1.164617880912929948e+01 -1.049125539980627764e+01 0.000000000000000000e+00
-1.453809958110690914e+01 -1.692734226902992134e+01 0.000000000000000000e+00
-7.528861999501640589e+00 -7.149155840365418513e+00 0.000000000000000000e+00
-4.478816069824769208e+00 -3.475168617732488308e+00 0.000000000000000000e+00
-1.639702513533257999e+01 -1.087787556824338076e+01 0.000000000000000000e+00
-1.793133077966302125e+01 -2.193038939316472380e+01 0.000000000000000000e+00
-8.003352143777606287e+00 -5.565122634091639320e+00 0.000000000000000000e+00
-1.606545077721159487e+01 -1.212779647939199279e+01 0.000000000000000000e+00
-1.537064526531927200e+01 -1.844709812838976148e+01 0.000000000000000000e+00
-1.355781575573490372e+01 -1.150625938669388404e+01 0.000000000000000000e+00
-1.638720336263780553e+01 -1.685214512153503108e+01 0.000000000000000000e+00
-5.493195000880600531e+00 -5.075498094871035981e+00 0.000000000000000000e+00
-1.808051433562047805e+01 -1.694220328229503991e+01 0.000000000000000000e+00
-1.318637965403855894e+01 -8.430691039519242480e+00 0.000000000000000000e+00
-1.293179766995677227e+01 -7.611883497102288842e+00 0.000000000000000000e+00
-1.821462707741877551e+01 -1.555712701083258942e+01 0.000000000000000000e+00
-1.731364620767563167e+01 -1.631183123609877939e+01 0.000000000000000000e+00
-9.962545789012594355e+00 -1.865671346049541768e+00 0.000000000000000000e+00
-4.769728790612736802e+00 -9.147128446224151332e+00 0.000000000000000000e+00
-1.729005353937544598e+01 -1.550092984508599336e+01 0.000000000000000000e+00
-1.067691732848009423e+01 -8.365885902192822243e+00 0.000000000000000000e+00
-7.217004285464760471e+00 -9.708901948498631640e+00 0.000000000000000000e+00
-1.721059566675053176e+01 -1.784891005477491888e+01 0.000000000000000000e+00
-1.938712701789899029e+01 -2.139112356805233972e+01 0.000000000000000000e+00
-6.453364923044953017e+00 -8.046561931456018613e+00 0.000000000000000000e+00
-3.761457114994266604e+00 -5.965677296101826954e+00 0.000000000000000000e+00
-7.539967309503900594e+00 -8.629402708575160119e-01 0.000000000000000000e+00
-5.134510611357351095e+00 -4.360949621251077879e+00 0.000000000000000000e+00
-9.353923663783646703e+00 -1.332642556212579166e+01 0.000000000000000000e+00
-8.765140370847950280e+00 -6.128162649271192919e+00 0.000000000000000000e+00
-1.749277581585465313e+00 -7.844917983058698141e+00 0.000000000000000000e+00
-2.320952274383723335e+01 -1.073940849076786286e+01 0.000000000000000000e+00
1.936877170734522480e+00 6.335032700960478991e+00 0.000000000000000000e+00
-8.499257046054745857e+00 -5.110668009379940813e+00 0.000000000000000000e+00
-1.339107561771101551e+01 -1.109724098444028151e+01 0.000000000000000000e+00
1.999857560972952086e+00 -6.313247804697452281e+00 0.000000000000000000e+00
-1.321160938536598195e+01 -8.475572612073991152e+00 0.000000000000000000e+00
-8.438289259748946947e+00 -1.384850372452240563e+01 0.000000000000000000e+00
-1.292907830227088795e+01 -1.911675042293726179e+01 0.000000000000000000e+00
