#   X1  ;   X2  ;   X3  ;   X4  ;   X5  ;   Y = X1 + 2X2 + 3X3 + 4X4 + 5X5 + N(0,1)
-6.834427557600193381e-01 6.169357643644616473e+00 5.246039832485710264e+00 -1.998472098864255031e+00 -4.900417010190095013e+00 -3.088000998423162891e+00
-4.045642923207908304e+00 6.578264980404554763e+00 -4.671955599794824110e+00 9.522322854511948265e+00 4.136750592399893733e+00 5.417566373891238385e+01
-5.307791603384488965e+00 9.725735875257552010e+00 5.674092709715278460e+00 1.501376481282433062e+00 -7.866515335360190875e+00 -5.186545186204993829e-01
-5.797730514256245193e+00 -9.409798567055192464e+00 -8.341796392869762045e+00 7.569751906827391963e+00 1.124457618245180868e+00 -1.261160846847306161e+01
-5.464696731318545275e+00 -6.453754775375517561e+00 8.759435292292522490e+00 -4.710202574422410748e+00 9.379617596881956842e+00 3.445420956426174541e+01
-6.374464760514284123e+00 8.722616587323503978e+00 -4.232235597794122839e+00 3.505968027168595569e+00 -2.993220703278486994e+00 -3.000600666293704144e+00
-7.910032788676768511e+00 8.300996839666513694e+00 -2.096521614198396222e+00 2.368852507081573577e+00 8.771980855157430312e+00 5.645334191356480602e+01
3.274355865087164474e+00 9.978524178356796170e+00 3.914565242370350973e+00 -1.883314529478312238e+00 4.417204424451092848e+00 4.954303673865977942e+01
3.514197906503772728e+00 3.904628117652107377e+00 -5.908216561504719522e+00 4.523726579779189905e+00 5.929938806800386430e+00 4.231728548291287240e+01
-9.998535945926086299e+00 6.611668534852281454e+00 -1.103014708012361567e+00 -7.654661518406092213e+00 6.732119339232273347e+00 3.243809873132812882e+00
9.669574808111430997e+00 -5.957996603664275526e+00 9.785499495968501549e+00 -9.400865546273358575e+00 3.535121493561577566e+00 8.267522740035079920e+00
7.026128107432487724e+00 -7.541394075844842781e+00 1.575511777268639335e+00 -7.645796354824010876e+00 2.872783729782380391e+00 -1.941623808748413182e+01
-5.815686168625187058e+00 -5.977151736806717963e+00 -7.032072111850318663e+00 6.954873068876324282e+00 6.192565573813016755e+00 2.027266050524558949e+01
8.856333220217265989e+00 -1.823121930237086019e+00 9.901970046729985597e+00 3.981832453874226019e+00 8.618140354491654165e+00 9.439286084658415632e+01
7.333344443876939067e+00 2.558393301907083028e+00 3.351825460768418807e+00 -6.620069814786930351e+00 -8.790344280319210668e+00 -4.730221517510898366e+01
2.659833551203778512e+00 -2.375344421026377439e+00 8.780736490720485676e+00 -3.854209439785718061e+00 -9.241365667099518788e+00 -3.662762577820900134e+01
2.571523383797400086e+00 -4.888000080251977408e-01 -3.709236729851248526e-01 6.150445081095543998e+00 -6.255503035037248694e+00 -7.839899283283952691e+00
1.072196180263468079e+00 5.763824028771793451e-01 2.146453616643160700e+00 1.503216228096178497e+00 -8.904184733371993232e+00 -2.884657723147069319e+01
6.911807913351079691e+00 -3.597186971879684947e+00 -1.294235184630036173e+00 -4.929908669912251185e+00 -9.366164008043638134e+00 -7.158467167890458427e+01
7.129351532583786621e+00 9.701194086392476379e+00 -3.884174806075542108e-01 -4.603938755749064526e+00 -5.260500287857374779e+00 -1.836067116779523900e+01
-5.352564607185263945e+00 6.720047312726997291e+00 -8.099759074000921544e+00 1.961989121999188512e+00 9.314524182261571639e+00 3.818619871762344786e+01
8.112668326474960168e+00 -2.087668926561443428e+00 3.223773934371083172e+00 -9.715321793148177676e+00 -1.377946902040235955e+00 -3.189655141506570502e+01
2.263141635164540588e+00 7.104447699598210875e-01 -1.271577109132007166e+00 3.412724332655784565e+00 -5.079956819726390016e+00 -1.349501916585194294e+01
-2.027489045196375628e+00 -9.647461620351782230e+00 3.616166158410191400e+00 9.268238198313618170e+00 -9.992642561403599188e+00 -2.271360597145633164e+01
1.583119384930062878e+00 1.212849149556909367e+00 8.622731416286200101e-01 -8.715181858098437928e+00 8.762457892605361565e+00 1.438450635738100125e+01
-3.693209650896278617e+00 5.666231803487862706e+00 -9.127613415928962581e+00 -1.144636386354768831e+00 3.089559682428816956e+00 -1.005664834308005773e+01
-1.375034955202940168e+00 -9.804371824488640641e+00 4.917022115468039800e+00 1.144589297687353735e+00 -4.985769616004951388e+00 -2.681236921942685569e+01
2.871636721880552301e+00 -9.369050840587025419e+00 -7.967149918878877912e+00 -3.020335301178754150e+00 -4.206077931251652302e+00 -7.266466654167010120e+01
-1.698837490168241260e+00 -8.029134582530478070e+00 -6.172409842067041907e+00 5.327706663009326604e+00 -8.278409549675540546e-01 -1.847144007630175011e+01
-6.966704491829744939e+00 -2.787109561770715338e+00 9.140376287936000210e+00 9.375599689784092305e+00 -3.739076657534528003e+00 3.476085403292353249e+01
8.564127361087241042e+00 -7.767478058254191353e+00 8.370943438092311339e+00 9.725484233145841984e+00 8.758376644690891055e+00 1.006108136513443014e+02
4.508884450906089469e+00 7.793641123245830471e+00 -2.220007152557719188e+00 -3.425210565298622001e+00 4.981622023743334182e+00 2.497460131111613890e+01
-9.565801226911851529e+00 1.540792761795451327e+00 -9.951322922314705721e+00 5.739378791537719238e+00 7.487044687383360042e+00 2.448443783464883339e+01
-4.867035376664789581e+00 2.975170344563331071e+00 2.192483542219196835e-01 5.859297111088793031e+00 -8.838729854308589040e+00 -1.778385365732969348e+01
-7.596269026908759159e+00 -3.697126949948472685e+00 5.666840640629541070e+00 -4.774212787251627788e+00 6.099409488847928884e-01 -1.309995630517061116e+01
2.814023110512376746e+00 7.760920594296347730e+00 -3.053538786966218943e+00 -7.842709664568905836e+00 3.240837977253320901e+00 -5.332711172882849127e+00
4.001771942919049252e+00 7.798681380182809875e+00 -9.781802101916028391e+00 1.816070743018318723e+00 7.067067060017269142e-01 1.008608807845503996e+00
1.886536769457942242e+00 -7.615982472297517347e+00 2.233917986170048664e-01 1.550017512874115155e+00 -9.166985856067455529e-01 -1.212628619216328474e+01
-8.577242136281821416e+00 8.358732535554871390e+00 9.984056094754016897e+00 9.732777940340405110e+00 3.211213682986658213e+00 9.196318168299907825e+01
-5.219428811110919497e+00 -1.617305943628712939e+00 -1.062290882493797994e+00 8.404095634500428957e+00 -7.187756608359183730e+00 -1.460961097651716045e+01
4.465315529062404920e+00 9.381151321707989155e+00 7.266474126700821046e+00 8.604004340278940788e+00 5.618990507421699476e-01 8.144045601671919599e+01
-4.098317166340761375e+00 2.785244948823182298e+00 6.494983661969129685e+00 -8.527330297089015687e+00 7.615770524440939937e+00 2.479410870394200472e+01
9.606632242924671772e+00 -6.261914078569439823e+00 7.946382626119053327e+00 -5.811810596908104642e+00 -4.641648376512305774e+00 -2.529342622624432124e+01
-2.825963930408645908e+00 -1.473563209254839634e+00 -6.829640154293969978e+00 -5.522265481756583050e+00 4.480703015314650983e+00 -2.672541232507969511e+01
-7.677530859295272236e+00 -3.712546912022178347e+00 6.711296997041856116e+00 -2.046363939534987963e+00 -3.279676861698817447e+00 -2.083730897409806460e+01
-1.558093607345353959e+00 8.975777976667394853e+00 -1.168798181568991623e+00 -2.391199706167679295e-01 3.441721449294020019e+00 2.928279945482279700e+01
-2.175885203758600284e+00 -6.595049788429223625e+00 -5.727970526293995057e+00 7.278954312837807805e+00 -8.317322909142806253e+00 -4.464659976983783451e+01
7.083167619740969201e+00 7.870176483744767637e+00 -4.760228589869410776e+00 3.099273755753969795e+00 2.367067012076537580e+00 3.319169804359963649e+01
5.279110558285129429e+00 -9.321873697216773280e+00 -2.221354689481007227e+00 -3.390850343336085260e+00 -6.308407605257246864e+00 -6.663759069502469856e+01
3.981537521839090488e+00 1.827256894329865489e+00 -7.121957622380545416e+00 9.865446432556222334e+00 5.067082513454652215e+00 5.020020187938479239e+01
-5.168985092114903424e+00 -7.848020940922939559e-01 2.851442453027546620e+00 -1.233394925530786779e+00 -2.143008041518221773e+00 -1.262616802262288296e+01
-1.675090708854224175e+00 5.850217139715683246e+00 -1.680248247926524385e+00 4.079052747785397059e+00 8.395231388136142670e+00 6.413498579053263882e+01
5.933792635435706231e+00 -3.618101722163078904e+00 -6.196927125894688970e+00 -9.382673884985329948e+00 -2.080482833981827540e+00 -6.689491834159707651e+01
7.461566520011984949e+00 -4.488465953412945630e+00 -4.278809547292636850e+00 -3.126471647636224205e+00 -2.228121515820298271e+00 -3.748911747092007829e+01
-9.218199606818382463e+00 -5.945345181128347534e+00 -6.300362654774877669e+00 8.800555355410402569e+00 -4.568912873534671348e+00 -2.709690383643738798e+01
-9.840472629202796639e-01 -6.041110477721069572e+00 7.207218368527541941e+00 6.943778479171630380e+00 -6.846176348259027655e+00 1.226006313761456745e+00
3.712273291849685464e+00 -9.671221569843799770e+00 -1.500421257393602659e+00 7.571559045737767946e-01 3.953426493307208744e+00 3.954557768133149409e+00
2.151605911517183500e+00 -4.766411814438049177e+00 4.395176493347808133e+00 -8.897322800069900950e+00 4.582407246384406108e+00 -6.975290245095512098e+00
-3.634328466698660165e+00 -6.409891037923706847e+00 6.229620030929385877e+00 -3.566488641984227215e+00 6.719068000287972353e+00 2.153512777984007442e+01
2.538455484172288834e+00 -9.655791113075258281e+00 -5.514666594094610019e+00 3.363127455412584510e+00 -2.976353080723832534e+00 -3.413843904925907680e+01
5.152305928446685002e+00 5.511088067775061106e+00 5.380575720948467477e+00 -9.917336430561448424e+00 -8.751445499734366251e+00 -5.225968690967128083e+01
6.034406592499927058e+00 -7.332141316482232440e+00 -3.285578104057169213e+00 -5.672977701290149000e+00 1.648675246084927437e-01 -4.003787035585114751e+01
3.029923808613119718e+00 2.535769328705697490e+00 -4.875201881082795730e+00 -2.713292791586612296e+00 -1.894850023113765047e+00 -2.729905964931349516e+01
9.075667760624234859e+00 -2.975623884355824700e+00 -6.284322837808113960e+00 9.300547471191016768e+00 -4.456501583720084980e+00 -9.194592695477821209e-01
1.678707811134504624e+00 -5.122761649552368013e+00 3.233484093105801094e+00 7.173915629295109397e+00 2.611473756924180378e+00 4.157669115741876453e+01
-6.381381569985331126e+00 6.081945753888902573e+00 7.354779406602599323e+00 -1.812093098753241094e+00 1.757166924538935859e+00 3.019739670682443133e+01
9.611557173793887188e+00 -3.673792509716165000e-01 -8.014065244913622266e+00 -6.026408226291897208e+00 1.563464259296322822e+00 -3.110774741443287539e+01
9.776582646222525597e+00 -4.240649415790327836e+00 3.087558357315655755e+00 -6.565949385402158889e+00 5.778303493740635233e+00 1.448606259635207394e+01
1.593834506671630180e+00 6.891418133603277596e+00 6.120712961571431521e+00 -6.250693139252470054e+00 -8.419605328434274227e+00 -3.237690226934220306e+01
7.593976381699913958e-01 2.637737723033872328e+00 -6.705345141114844587e+00 -5.817989119968522971e+00 -8.167064440869681974e+00 -7.721265539024646785e+01
-3.043147223602917784e+00 -2.760982974246221744e+00 3.300521102956198050e+00 7.809820928682146501e+00 -2.866944142736816303e+00 1.846765708410650575e+01
-1.451801207529703319e+00 -5.938498281234108056e+00 -9.806296518021333952e+00 -5.647592966920287338e+00 -1.146906829023263796e+00 -7.142712139701185947e+01
-5.494833679508115409e-01 4.363954206660611845e+00 4.411385042503628284e+00 7.106058805456644478e+00 -6.564073874438918210e-01 4.592254191176506595e+01
2.655630637339745803e+00 -4.548364396974236001e-02 3.493277853220710938e-01 -2.572972351336866303e+00 -5.998231445877031831e+00 -3.780032249615454987e+01
-3.618545924520358170e+00 8.565345221031268608e+00 2.410142701771572860e+00 -8.799331657572802001e+00 6.193505455382656066e+00 1.712086192862224365e+01
7.171542677582472436e+00 5.822968849750960629e+00 -4.460102178624958391e+00 -7.167227819059420746e+00 -9.823687934027313773e+00 -7.281903119230724997e+01
6.081875613704767147e+00 -6.856763845229867371e-01 -7.935044599944694355e+00 7.095936363677889602e+00 9.023147765562448797e+00 5.427594384190872034e+01
9.195063270022043156e+00 -1.226533426360106205e+00 -6.025812297492951330e+00 -5.037782943578257289e+00 -6.934867459993241390e+00 -6.761828107551890810e+01
-9.475021255949446441e+00 -4.904796056887938960e-01 -8.061725675177150663e+00 4.637208334372926899e+00 -1.161211501531980161e-01 -1.666240558231122648e+01
3.811398403294754544e+00 -4.345237436697495070e+00 -7.535863451461837670e+00 -7.746597417929869778e+00 -5.982299181540808419e+00 -8.797161820217252171e+01
2.964949923978810631e+00 -9.827619716032945263e+00 -3.694400951339145145e+00 3.960698577928052799e+00 -7.325783253138666851e-01 -1.466695344238041443e+01
-6.745306450587944980e+00 9.500255942808284004e+00 6.212199362412480497e-01 6.050185602979457400e+00 -1.207112077105136905e-01 3.784512669872231783e+01
-8.727132591728707922e+00 -7.855514491230399798e+00 -1.513617860673814874e+00 -8.704206490889173864e+00 2.708634693520473036e-01 -6.163340816037429448e+01
-7.340151631121125675e+00 4.143784046371587593e+00 -5.791496283944557177e-01 -5.036210134224717194e+00 3.484296440179832643e+00 -3.097723927555799062e+00
1.771668243107411556e+00 3.422215572533556127e+00 5.725864999216973672e+00 6.561180899940495692e+00 -6.058970683670548141e+00 2.034737091337265014e+01
5.175934162270429795e+00 1.997968617409512149e+00 6.806234162078123262e+00 4.051013607681355211e+00 -5.250467382566625929e+00 2.019907588067876603e+01
-8.815993544560701167e+00 8.226232607175699485e+00 -1.035966216675820561e+00 4.921544652700241329e+00 3.689606151203035367e+00 4.439365106429230678e+01
6.047313980968738178e-01 5.480954458851815758e+00 5.791626572977097709e-01 7.639331283290083263e+00 -4.417499473067190152e+00 2.196214288274562065e+01
-1.287219913088126333e+00 -5.151232068917792617e+00 1.914751153696609975e-01 -7.052723137523615904e+00 -3.179532745432958052e+00 -5.474500266480129085e+01
-3.556048624410950154e+00 6.531865241479266615e-01 7.857856708496253617e+00 9.603740715082423662e+00 -7.173814259856716724e+00 2.460323923386279432e+01
3.086156704864375655e+00 -6.577084339632457421e+00 7.753770233260070199e+00 5.868064207706837010e+00 -8.616175485558493108e+00 -6.770411641140698045e+00
7.289763056811466413e+00 7.738758439672917433e+00 7.563288701038992201e+00 5.308930831951109042e+00 -2.342099346486063993e+00 5.387074122753505634e+01
2.699854077741044023e+00 7.476918522797060263e+00 -5.669636181328154834e+00 4.348725565652422631e-01 -6.517363881950637428e+00 -2.942576071623108191e+01
3.379809331096733871e+00 -5.044143585622824943e+00 6.295831997585267459e+00 7.657618572973376558e+00 -1.338283849870862241e+00 3.542467103803484463e+01
2.558776306895921948e+00 7.726639952979603265e+00 8.750817886972594550e+00 -8.384795273976653363e+00 8.758022142240019292e+00 5.285384157385686166e+01
-9.527150244349900987e+00 2.250722697467830713e+00 7.981069768998271030e+00 9.507153806103360694e+00 -9.674027244351716348e+00 7.256647175958025997e+00
-9.592221492939714267e+00 8.300931690446880395e+00 4.035123645028011907e+00 -5.761956393111766772e-01 -9.103644212139309744e+00 -2.872865654571500116e+01
7.105610232309203411e+00 -4.788723816682740164e+00 8.962373829460723584e+00 -4.378925049162065264e+00 -5.782432901008503379e+00 -2.284135113256368754e+01
2.102494998110344682e-01 8.305023095318890825e+00 -7.393271219943424732e+00 -8.039457534247976156e+00 3.136774613305213677e+00 -2.327504138584377813e+01
3.729382578291621897e+00 1.257453971509237434e+00 2.475061347621380747e+00 -3.496851215183429673e+00 7.063664634046723734e+00 3.524230186132280096e+01
