#   X1 ; X2 ; Y = 0 or 1
-1.269291584206870827e+00 -3.273422610891992823e-01 0.000000000000000000e+00
4.137229395237943530e-01 2.375336118361117244e+00 0.000000000000000000e+00
-1.443832838117122375e+00 2.830256044010863281e+00 0.000000000000000000e+00
-3.012010234689856958e+00 -1.268607691856005193e-01 0.000000000000000000e+00
1.911258463742880664e+00 2.898744010498762069e+00 0.000000000000000000e+00
1.395499476475964062e+00 -1.404866931877191139e+00 0.000000000000000000e+00
-2.212165283443474184e+00 2.510908742078884703e+00 0.000000000000000000e+00
-3.111042687895377856e+00 -2.111217794800295700e+00 0.000000000000000000e+00
-1.022057990996552146e+00 -2.964237393902993567e+00 0.000000000000000000e+00
1.769413870151879120e+00 1.508211958332855041e+00 0.000000000000000000e+00
-3.684466324257743342e+00 1.507273247790428483e+00 0.000000000000000000e+00
-1.314513127441416795e-01 3.366276220940452202e+00 0.000000000000000000e+00
-2.387818306662036427e+00 -8.936509308056771461e-01 0.000000000000000000e+00
-2.270403759773659491e+00 2.746625842294614817e+00 0.000000000000000000e+00
-2.928712817356872389e+00 9.064996059747563173e-01 0.000000000000000000e+00
2.375706195980036739e+00 1.558048662030813603e+00 0.000000000000000000e+00
3.806591731450614802e-02 2.442741330348281892e+00 0.000000000000000000e+00
1.391557643683555945e+00 -2.980806455926084952e-01 0.000000000000000000e+00
1.079087243049102307e+00 -3.705470344893913914e+00 0.000000000000000000e+00
9.699591395503914804e-01 -1.345817905388209113e+00 0.000000000000000000e+00
-1.694586992892539445e+00 -1.641636530826348306e+00 0.000000000000000000e+00
3.463973565077234973e+00 1.375546490756168971e+00 0.000000000000000000e+00
1.662208396323002990e+00 9.547524451797495537e-02 0.000000000000000000e+00
-2.624313993390980038e+00 1.023115207972451257e+00 0.000000000000000000e+00
-5.460392279425776429e-01 3.419267573555432982e+00 0.000000000000000000e+00
2.488156988518143375e+00 -2.790556719295891330e+00 0.000000000000000000e+00
-4.838528645645295834e-03 -3.409590250602264061e-01 0.000000000000000000e+00
-2.186882800679885719e+00 -3.022696781072004013e-01 0.000000000000000000e+00
-2.270734512430103713e+00 -1.612049091280198798e-01 0.000000000000000000e+00
2.854806021331215415e+00 2.636723128702215924e+00 0.000000000000000000e+00
3.246432081591569929e+00 1.427876544539682158e+00 0.000000000000000000e+00
-2.031293577313983967e+00 6.028610003748247070e-01 0.000000000000000000e+00
7.861843750953726451e-01 -8.834512012653356061e-01 0.000000000000000000e+00
-3.134645021040422197e+00 2.276756117904059629e-01 0.000000000000000000e+00
-1.736854466068110447e+00 2.035730011132157458e-01 0.000000000000000000e+00
1.455103349665463064e+00 -9.840372959513082884e-01 0.000000000000000000e+00
-1.388171777045905664e+00 1.436514328835129639e+00 0.000000000000000000e+00
-2.436762768874468854e+00 1.554324709500185531e-01 0.000000000000000000e+00
2.260385158947655349e-01 -2.241067889143309788e+00 0.000000000000000000e+00
2.218488742776636435e-03 9.228794644401029368e-01 0.000000000000000000e+00
1.185225427389464681e-01 1.593728966957536297e+00 0.000000000000000000e+00
-7.536006154197985030e-01 -3.135863772665470339e-02 0.000000000000000000e+00
-1.868420576948753187e+00 -1.492047188053492901e+00 0.000000000000000000e+00
-2.268903709107987332e+00 -1.537715808415129892e-02 0.000000000000000000e+00
9.067210578100141083e-01 -1.915654661611007614e-01 0.000000000000000000e+00
1.000330275270709279e+00 3.155773027331491676e+00 0.000000000000000000e+00
-2.578556891102705251e+00 1.397358087183382169e+00 0.000000000000000000e+00
7.515827885313075551e-01 2.536456283513761623e+00 0.000000000000000000e+00
1.068831444369439776e+00 -2.109104048096449358e+00 0.000000000000000000e+00
7.549552594154704810e-01 -2.523081572641409753e+00 0.000000000000000000e+00
-2.109801194420744430e+00 -9.170229717955784565e-01 0.000000000000000000e+00
1.585414006717403179e+00 3.543630289237808206e+00 0.000000000000000000e+00
1.204523738321583881e+00 3.468842195072096235e+00 0.000000000000000000e+00
-1.167673960826486113e+00 -2.952628958914273127e+00 0.000000000000000000e+00
2.986304083544375487e+00 -1.383478445908574495e+00 0.000000000000000000e+00
4.441532635157939835e-01 1.837896645694402586e+00 0.000000000000000000e+00
1.617127793691113036e+00 1.620670561484682803e+00 0.000000000000000000e+00
1.316230030788470007e+00 -4.929201378507676035e-01 0.000000000000000000e+00
-1.722755249410072853e-01 -2.640394909226588815e+00 0.000000000000000000e+00
4.573563499914078401e-01 -2.160182336699068006e-02 0.000000000000000000e+00
-2.150240437438700081e+00 1.237247892418755768e+00 0.000000000000000000e+00
-8.645585103682205119e-01 -3.284658923875225511e+00 0.000000000000000000e+00
-2.586461068162138943e+00 2.741251300577793870e-01 0.000000000000000000e+00
-2.673891541483011558e+00 5.372990517218589890e-01 0.000000000000000000e+00
1.595754192337414112e+00 -2.006419780804006292e-01 0.000000000000000000e+00
-3.510624396081619469e+00 -1.691239480789319405e-01 0.000000000000000000e+00
-8.860113541740848309e-01 1.124015022545732378e-01 0.000000000000000000e+00
2.663113145882483046e-01 2.108079878644725902e+00 0.000000000000000000e+00
-3.604740229429711285e+00 9.457789927866131485e-01 0.000000000000000000e+00
3.041186707853400506e-01 -9.994100808525456792e-01 0.000000000000000000e+00
-6.386270067165138453e-01 1.219615650137326757e+00 0.000000000000000000e+00
1.222159409641398575e+00 4.378873949387558917e-01 0.000000000000000000e+00
1.030239405662527918e+00 -2.687507263916722344e+00 0.000000000000000000e+00
4.894071362864327313e-01 -3.815734957942550132e+00 0.000000000000000000e+00
3.400726930119522429e+00 1.470927892134046955e+00 0.000000000000000000e+00
3.810459831412799092e-01 -1.150034205480664928e+00 0.000000000000000000e+00
1.077073734925735327e+00 1.267667188171991866e+00 0.000000000000000000e+00
-3.090518862373195841e+00 -7.606760327247295006e-01 0.000000000000000000e+00
-1.790595798657567794e+00 -1.241514948443740218e+00 0.000000000000000000e+00
1.601575469941521668e+00 -4.689597895181774057e-02 0.000000000000000000e+00
-1.400559013794707930e+00 1.766248279000421029e+00 0.000000000000000000e+00
2.392042572342723439e+00 1.922184199826120210e+00 0.000000000000000000e+00
1.251121789923779204e-01 3.842467328063058574e+00 0.000000000000000000e+00
1.109200908242900852e+00 7.104049455215537545e-01 0.000000000000000000e+00
-1.178723956052609712e+00 4.767028175330890738e-01 0.000000000000000000e+00
9.195760133867035835e-01 2.311983088433291034e+00 0.000000000000000000e+00
2.817333449141849577e+00 4.351808170568853829e-01 0.000000000000000000e+00
8.960205477062340718e-01 -1.255455107984938312e+00 0.000000000000000000e+00
-1.905569938927131224e+00 2.425883066617607886e-01 0.000000000000000000e+00
-2.407923796578085973e+00 -2.015594624830635784e+00 0.000000000000000000e+00
-3.588460500553156685e-01 3.153804188512788986e+00 0.000000000000000000e+00
-1.393263505407545733e+00 -1.718614077942863361e+00 0.000000000000000000e+00
-2.307439679895023410e+00 1.223606177707855514e+00 0.000000000000000000e+00
-1.154984258311158918e+00 -2.530632488343768305e+00 0.000000000000000000e+00
2.858608358266563343e+00 2.405540418353549814e+00 0.000000000000000000e+00
9.808087652615249397e-01 9.838350193285217982e-01 0.000000000000000000e+00
-2.543431646403774504e+00 1.983944315671729575e+00 0.000000000000000000e+00
1.061560858648890271e+00 8.014810427477203625e-02 0.000000000000000000e+00
2.004768727349815371e+00 1.547461560560301264e+00 0.000000000000000000e+00
-2.179092546063738922e+00 -1.506877674563151359e+00 0.000000000000000000e+00
-2.387729545059094960e+00 -3.908541089292362214e-01 0.000000000000000000e+00
1.236435084310906651e+00 -8.589860388157914972e-01 0.000000000000000000e+00
-2.401679293229294299e+00 -1.973548204417278074e+00 0.000000000000000000e+00
1.673055786212635621e+00 3.084281240860196949e+00 0.000000000000000000e+00
1.383865193717600972e+00 1.447991543175186191e+00 0.000000000000000000e+00
-4.736573659173956008e-01 -1.101327128567065605e+00 0.000000000000000000e+00
2.157930016625300595e+00 -5.293555227321791179e-01 0.000000000000000000e+00
-2.165855647633898151e+00 -2.087760367728932920e+00 0.000000000000000000e+00
5.977124825642350370e-01 -1.114198918338987321e+00 0.000000000000000000e+00
6.878244424811652546e-01 3.242340415601963066e-01 0.000000000000000000e+00
-2.132669807812622942e+00 -2.635110121582311393e-01 0.000000000000000000e+00
-2.278120112208812387e+00 -1.344966264240242015e+00 0.000000000000000000e+00
2.140489176652782710e+00 -2.840416575284762324e+00 0.000000000000000000e+00
-5.547653074878766688e-01 3.031912365093991646e+00 0.000000000000000000e+00
-3.654750571991583818e+00 -8.168852821618499682e-01 0.000000000000000000e+00
-3.411783084736488281e-01 3.694375663730889325e+00 0.000000000000000000e+00
1.632330907167016676e+00 -1.642149056225781223e+00 0.000000000000000000e+00
-1.931888525487111874e+00 2.646713813757546330e+00 0.000000000000000000e+00
-2.954084963602149561e+00 1.626351686260335772e+00 0.000000000000000000e+00
3.253334148503002066e-01 2.076944457739166694e+00 0.000000000000000000e+00
-1.638766201332554129e+00 3.617325926403178293e+00 0.000000000000000000e+00
-1.613381350735430431e+00 2.756296745748691102e+00 0.000000000000000000e+00
4.433872675940572217e-01 -2.282190474749961950e+00 0.000000000000000000e+00
1.866837943101277153e+00 -1.306043154086527824e+00 0.000000000000000000e+00
1.107819542234587340e+00 3.617518485324834998e+00 0.000000000000000000e+00
-3.205894348187465326e+00 9.588828609393800217e-01 0.000000000000000000e+00
2.548147065198823391e+00 -1.178296611331803412e+00 0.000000000000000000e+00
3.600412878833805230e-01 3.593379830944677167e+00 0.000000000000000000e+00
1.918235242282042785e+00 -2.515279462304418789e+00 0.000000000000000000e+00
-3.018999307990132941e+00 -5.625677980796011113e-01 0.000000000000000000e+00
-1.231408319160181675e+00 3.567768362472675925e+00 0.000000000000000000e+00
-5.117924177539880937e-01 -2.022257891965677956e+00 0.000000000000000000e+00
9.739241964013786168e-01 2.900801482678281307e-01 0.000000000000000000e+00
-2.068347022405458091e+00 -2.586557853414846342e+00 0.000000000000000000e+00
-1.503007226348494818e+00 5.125037739226523392e-02 0.000000000000000000e+00
1.625853238654552335e+00 1.829054257301665265e+00 0.000000000000000000e+00
-5.748873160632073098e-01 -6.142408998278768850e-01 0.000000000000000000e+00
3.284699393776144838e+00 6.907446434484476594e-01 0.000000000000000000e+00
-3.533159835563881579e+00 -1.294011458994172470e+00 0.000000000000000000e+00
2.463181805718692718e+00 1.091666722128952216e+00 0.000000000000000000e+00
9.470372616301030444e-01 5.108015708491746576e-01 0.000000000000000000e+00
-2.739907796495081538e+00 -5.982333103773267435e-01 0.000000000000000000e+00
-2.036300531419411364e+00 1.290980016989868862e+00 0.000000000000000000e+00
1.064258761579649715e+00 -1.190646600956415169e+00 0.000000000000000000e+00
-2.261233320908734523e+00 2.689134206230068269e+00 0.000000000000000000e+00
9.312658671466618188e-01 8.693219250020108868e-01 0.000000000000000000e+00
3.149068871658276869e+00 1.261449010134941151e+00 0.000000000000000000e+00
-5.822012401312454122e-01 1.427951816435508725e+00 0.000000000000000000e+00
2.736677277021830612e-01 -1.704000590117740188e+00 0.000000000000000000e+00
5.874951842020994519e-01 6.817011552226158733e-01 0.000000000000000000e+00
3.175300499930069797e+00 6.196673199192981318e-01 0.000000000000000000e+00
-1.908955255292852149e+00 1.117958821937867997e+00 0.000000000000000000e+00
3.605892096399242464e-01 -2.055025037524342402e+00 0.000000000000000000e+00
2.388500376038670048e+00 -2.826103471454048943e-01 0.000000000000000000e+00
-2.139472561894991909e+00 -3.235120059352508459e+00 0.000000000000000000e+00
6.574252674862473000e-01 -1.411781374477937945e+00 0.000000000000000000e+00
2.029338932944770857e+00 -1.545660218959977072e+00 0.000000000000000000e+00
-1.759476475413696672e+00 -1.365099940855919902e+00 0.000000000000000000e+00
-1.651430808582501797e+00 -2.837197678058264394e+00 0.000000000000000000e+00
-7.667744025023592869e-01 -2.956058380617197834e+00 0.000000000000000000e+00
1.062538507616864081e+00 -2.223766276101604156e+00 0.000000000000000000e+00
-5.118916135415094715e-01 -2.780436535233722140e+00 0.000000000000000000e+00
5.690166518939598905e-01 -5.875092054004114051e-01 0.000000000000000000e+00
1.835143878717775623e+00 2.132417725700135769e+00 0.000000000000000000e+00
1.274082677135559782e+00 4.013573880677882011e-01 0.000000000000000000e+00
-3.129380563519168046e+00 2.397916755884057061e+00 0.000000000000000000e+00
-1.051357170663281826e+00 -3.528004544957958011e+00 0.000000000000000000e+00
1.029819214489088974e+00 -1.175927697770660529e+00 0.000000000000000000e+00
1.112676889085847609e+00 -4.192707681048061796e-01 0.000000000000000000e+00
1.648027103398478799e+00 -3.087969681192456184e-01 0.000000000000000000e+00
-1.813471165411723263e+00 -8.558041329203860403e-01 0.000000000000000000e+00
2.726905480276345717e+00 -2.013686084325212455e-01 0.000000000000000000e+00
-1.089286419772954151e+00 3.776593839582320644e-02 0.000000000000000000e+00
1.257232680598292074e+00 6.707879719152822773e-01 0.000000000000000000e+00
-1.750136904276901717e+00 -1.175511599804903717e-01 0.000000000000000000e+00
-1.982487026513124917e+00 -9.824631813521529367e-01 0.000000000000000000e+00
-7.268848654005964915e-01 2.352102902048274213e+00 0.000000000000000000e+00
2.224803801242316137e+00 2.101936163544470659e+00 0.000000000000000000e+00
4.157265800674903033e-01 -1.190784809532586586e+00 0.000000000000000000e+00
1.571836498765783130e+00 -2.502908263311872883e+00 0.000000000000000000e+00
-3.509791857246346680e+00 1.166764840889866539e+00 0.000000000000000000e+00
-2.601003776665429257e+00 7.526509129612136695e-01 0.000000000000000000e+00
-4.565373238139418532e-01 3.410971009784913299e+00 0.000000000000000000e+00
-3.463757165946271144e+00 -1.471941111936361013e+00 0.000000000000000000e+00
-3.503216022360817195e-01 -3.364250494899626021e-01 0.000000000000000000e+00
-3.066501879749816695e+00 9.924120178443240903e-01 0.000000000000000000e+00
8.106424339485958086e-01 3.702467884882658211e+00 0.000000000000000000e+00
1.444233597708878047e+00 -7.877060475335772027e-01 0.000000000000000000e+00
2.204915214941081558e+00 -9.421516700151341128e-01 0.000000000000000000e+00
1.834878342696800058e+00 -1.508639788723805886e+00 0.000000000000000000e+00
2.760502464273864032e+00 -2.369621141277914678e+00 0.000000000000000000e+00
1.567330501340937099e+00 8.104889572379421203e-01 0.000000000000000000e+00
3.828753029354653670e+00 1.800218396336796811e-01 0.000000000000000000e+00
-2.674748516876978233e+00 -1.500081017935485317e+00 0.000000000000000000e+00
-7.130037137872820008e-01 -1.017789108600731129e+00 0.000000000000000000e+00
2.531999273651002635e+00 1.817268451687826358e+00 0.000000000000000000e+00
2.965262485214932298e+00 -1.777160258474761889e+00 0.000000000000000000e+00
-6.592699127757017941e-01 1.081883573792644215e+00 0.000000000000000000e+00
-1.346946865091176448e+00 3.173214236136121524e-01 0.000000000000000000e+00
3.498202648429448836e+00 -1.275118758126891239e+00 0.000000000000000000e+00
6.364093651819180408e-01 2.826846523026084190e-01 0.000000000000000000e+00
-3.247332287833896824e+00 -1.271186235522949737e+00 0.000000000000000000e+00
3.316871526274700055e-01 2.636298066009675201e-01 0.000000000000000000e+00
-1.504121809623547357e+00 -1.480016378886084283e-02 0.000000000000000000e+00
-4.484892106004847445e-01 -2.954822432028991308e+00 0.000000000000000000e+00
-2.839363819913927944e+00 -1.127732663365281773e+00 0.000000000000000000e+00
1.317901282964031973e+00 3.423112955426995896e+00 0.000000000000000000e+00
1.266611020138751709e+00 3.697890473437602132e+00 0.000000000000000000e+00
-1.734106752251217132e-01 -1.572871623627803972e-01 0.000000000000000000e+00
2.772341980834713837e-01 -2.951198603196037773e+00 0.000000000000000000e+00
-2.824294347681314044e+00 -1.954869792910016724e+00 0.000000000000000000e+00
3.222649625678200458e+00 1.166222051002081761e+00 0.000000000000000000e+00
9.631440481950390708e-01 -1.939690655742559500e+00 0.000000000000000000e+00
-3.550426288544518805e+00 -1.746748146042151673e+00 0.000000000000000000e+00
7.367228083033718899e-01 1.727287802082621671e+00 0.000000000000000000e+00
3.067200456368447625e+00 1.221785911594647667e+00 0.000000000000000000e+00
-7.987411337649211740e-01 -2.737779158450832195e+00 0.000000000000000000e+00
-1.911155939669704207e+00 -3.210105372930473600e+00 0.000000000000000000e+00
-1.292799088735445245e+00 -6.937989009846965427e-01 0.000000000000000000e+00
-8.913427185048882206e-01 2.869707987266480576e+00 0.000000000000000000e+00
2.636922096014269190e+00 1.086013727474596235e+00 0.000000000000000000e+00
2.705038429236306996e+00 4.874551783576286379e-01 0.000000000000000000e+00
-3.326491674977141155e-01 2.395014494936582583e+00 0.000000000000000000e+00
8.735884413085748257e-01 -2.225189352151323963e+00 0.000000000000000000e+00
-2.029717340735990749e+00 1.033983153017970391e+00 0.000000000000000000e+00
-2.567094843200931287e+00 2.493609577610364170e+00 0.000000000000000000e+00
-9.207824497517799189e-01 -4.876710190860344962e-01 0.000000000000000000e+00
1.764952555621824182e+00 3.163414274168340423e+00 0.000000000000000000e+00
-8.327883435213561114e-01 -1.873540725936218232e+00 0.000000000000000000e+00
-4.637499950994611875e-01 1.122491365792985585e+00 0.000000000000000000e+00
1.038262868024724117e+00 -4.124627507232240808e-01 0.000000000000000000e+00
3.266228263601536064e+00 2.034420684492537212e+00 0.000000000000000000e+00
-2.816743745006398569e+00 1.887497083012929622e+00 0.000000000000000000e+00
-3.166320205656606213e+00 -7.484111260736492355e-01 0.000000000000000000e+00
2.391315657338188405e+00 -5.309190002720358681e-01 0.000000000000000000e+00
-3.579280698295847607e+00 2.074717719742107391e-01 0.000000000000000000e+00
2.339221737307243032e+00 2.610543245988365513e+00 0.000000000000000000e+00
1.444052885277101517e+00 -3.330443404050342782e-02 0.000000000000000000e+00
-5.512261134878271296e-01 3.569218796832543728e+00 0.000000000000000000e+00
1.100744650714333694e-01 -3.708868105031888796e+00 0.000000000000000000e+00
2.640892757543767289e+00 -2.190661383298592391e+00 0.000000000000000000e+00
-9.045984379862852531e-01 -3.320045176399603726e+00 0.000000000000000000e+00
1.635050938550592248e+00 -1.108647558373480946e+00 0.000000000000000000e+00
-1.048690882567043570e+00 -2.405848429323576454e+00 0.000000000000000000e+00
-7.834899813936537782e-01 2.787979209744467557e+00 0.000000000000000000e+00
-3.453423322189556888e-02 -6.070615576980717409e-02 0.000000000000000000e+00
-9.108282504742271080e-04 3.592972111912247080e-01 0.000000000000000000e+00
5.962169559278645004e-01 7.323016310422068020e-01 0.000000000000000000e+00
-1.117378071857773714e+00 -2.594561492102465117e-03 0.000000000000000000e+00
-2.341474038919608702e+00 3.038573506796513612e+00 0.000000000000000000e+00
4.058099192623551010e-01 -7.252350979898894989e-01 0.000000000000000000e+00
3.362672602141720368e+00 9.566901575807431612e-01 0.000000000000000000e+00
2.999257511076780958e+00 -6.204446112855184214e-01 0.000000000000000000e+00
-2.150515800750115503e+00 1.163675463759180628e+00 0.000000000000000000e+00
-1.933164360731828735e+00 5.545757615175211930e-01 0.000000000000000000e+00
-2.336856555362016419e+00 -1.471440779819068956e+00 0.000000000000000000e+00
3.591666041617326499e+00 9.682875020365426799e-01 0.000000000000000000e+00
-3.488889928779594474e+00 1.243358508536937412e+00 0.000000000000000000e+00
2.884998124779263318e-01 -5.946004820736700003e-01 0.000000000000000000e+00
1.695043981034454195e+00 -2.987915451105546794e+00 0.000000000000000000e+00
2.692823989616206948e+00 -2.434743897314004979e+00 0.000000000000000000e+00
3.132616311287373279e+00 1.562455270061651191e-01 0.000000000000000000e+00
-5.066369135653630007e-01 2.971052013863446195e+00 0.000000000000000000e+00
2.505150244538584925e+00 -5.285668110590933111e-01 0.000000000000000000e+00
-4.468029933414101595e-01 1.659280285814912936e+00 0.000000000000000000e+00
-8.361931256981063321e-01 -2.901073063199909541e+00 0.000000000000000000e+00
-2.616507267367001788e+00 1.721778112277277062e+00 0.000000000000000000e+00
-1.723223804496119449e+00 -1.032771151359596962e+00 0.000000000000000000e+00
-2.687728408029623761e+00 2.246528076666910234e+00 0.000000000000000000e+00
-2.803544797156176216e+00 -1.039359146400374634e+00 0.000000000000000000e+00
2.144439974708558516e+00 -1.164638584337905458e+00 0.000000000000000000e+00
-3.546331461267617779e-01 -6.315100039152199418e-01 0.000000000000000000e+00
1.655826088784211780e+00 -2.517152360416257117e-01 0.000000000000000000e+00
2.457749256389190506e+00 2.086812857636606289e+00 0.000000000000000000e+00
2.993145953241038271e+00 5.836766610750454554e-01 0.000000000000000000e+00
-1.050480281192569532e+00 -3.711494248672808638e+00 0.000000000000000000e+00
-3.858450899464014761e+00 -8.494555513744594943e-01 0.000000000000000000e+00
3.599686337482680187e+00 1.166066331990183169e+00 0.000000000000000000e+00
4.596369981538768190e-01 -3.600992101753656360e+00 0.000000000000000000e+00
-2.252345602916007827e+00 2.866213221948544998e+00 0.000000000000000000e+00
4.336800313301661935e-01 2.165752727661358179e+00 0.000000000000000000e+00
4.808322065021834457e-01 -4.547324095377686670e-01 0.000000000000000000e+00
-7.258185433980541834e-01 6.617954219557131701e-04 0.000000000000000000e+00
-2.798513881016409854e+00 -4.947246856783338309e-02 0.000000000000000000e+00
-1.149465072202635829e+00 -1.011752977759991179e+00 0.000000000000000000e+00
2.795343250396855606e+00 2.369544686932116839e+00 0.000000000000000000e+00
2.162873681415506955e+00 1.612781063700108319e-02 0.000000000000000000e+00
1.874615146613270777e+00 4.703947450207024428e-02 0.000000000000000000e+00
-1.640811988155726375e+00 6.126327604591030873e-02 0.000000000000000000e+00
-6.745154928858116961e-01 1.410662199138988382e-01 0.000000000000000000e+00
-3.386097954238241670e+00 -1.909887485075797864e+00 0.000000000000000000e+00
4.655616476534762960e-01 -7.996133741435922371e-01 0.000000000000000000e+00
-2.569301651025741595e+00 -1.840596924985013150e+00 0.000000000000000000e+00
-3.558804228425199057e+00 7.345497670134615298e-01 0.000000000000000000e+00
2.324528265410282124e+00 2.061447408753334098e+00 0.000000000000000000e+00
3.413255947378671884e+00 -1.046774094331035965e+00 0.000000000000000000e+00
2.759550261987548492e+00 -1.508519133580390692e+00 0.000000000000000000e+00
4.609087990694542003e-01 1.381656331284401684e+00 0.000000000000000000e+00
-1.764844388671175546e+00 -1.824664195995887361e+00 0.000000000000000000e+00
-2.843612535514727924e+00 2.308289778789021085e-01 0.000000000000000000e+00
2.399504724620471485e+00 -2.379980466537316985e+00 0.000000000000000000e+00
-9.828199205893726198e-01 2.139853498036243806e+00 0.000000000000000000e+00
-1.680750562260670655e+00 -1.061805810240954440e+00 0.000000000000000000e+00
-4.541598336620757959e-01 3.069707955135240862e+00 0.000000000000000000e+00
3.213120707190565639e+00 -1.814506369458237511e+00 0.000000000000000000e+00
1.551873195861082078e+00 6.066672650823600188e-01 0.000000000000000000e+00
-2.156868293111298573e+00 -2.083103660328704088e+00 0.000000000000000000e+00
-1.036948841060487903e+00 -1.278028921943529017e+00 0.000000000000000000e+00
3.842664599279803639e-01 3.472495417446600285e+00 0.000000000000000000e+00
1.675277989592790284e+00 8.874242562925289679e-01 0.000000000000000000e+00
-3.246717302916307446e+00 -1.189801704010901906e+00 0.000000000000000000e+00
-5.301137584003047243e-01 -1.373630633611924390e+00 0.000000000000000000e+00
-2.752087397975125915e-01 -1.879436440533601260e+00 0.000000000000000000e+00
-7.410323481642085985e-01 -8.130165370929280932e-01 0.000000000000000000e+00
-6.100263609698681755e-01 -3.390816804059505252e+00 0.000000000000000000e+00
-1.423064495400993446e+00 -8.160893436063532125e-01 0.000000000000000000e+00
3.176004965489390930e+00 1.403087515608298474e+00 0.000000000000000000e+00
1.816112093788279647e-01 -7.607973219636359197e-01 0.000000000000000000e+00
-2.620637357914596066e+00 -1.532925837552311377e+00 0.000000000000000000e+00
-1.809067688446697186e+00 3.551996709208134373e+00 0.000000000000000000e+00
-6.924659611505643575e-01 -3.042982473200147808e+00 0.000000000000000000e+00
-1.966001742240441330e-01 -3.977295277532139628e-01 0.000000000000000000e+00
-6.001694593911941489e-01 7.522471183915717674e-01 0.000000000000000000e+00
-1.957701661063631970e+00 2.559866932132011552e+00 0.000000000000000000e+00
-5.103564692175199813e-01 2.966635823163543240e+00 0.000000000000000000e+00
3.656242416604758905e+00 -1.035707381583234277e+00 0.000000000000000000e+00
2.440817046377170563e+00 1.343769586220953771e+00 0.000000000000000000e+00
1.428325204327642872e+00 5.924154099089856684e-01 0.000000000000000000e+00
-6.211841361158414454e-01 1.046135463059097548e+00 0.000000000000000000e+00
-2.657973638267281835e+00 8.514558736778345960e-01 0.000000000000000000e+00
2.708958350503767765e+00 1.431649717624395191e+00 0.000000000000000000e+00
-1.633154429594733337e+00 -2.462359718780063655e+00 0.000000000000000000e+00
-2.409237493169120725e+00 -2.035606610229157010e-01 0.000000000000000000e+00
2.133729730279145809e+00 1.623270481488762407e+00 0.000000000000000000e+00
2.982346512020868978e+00 1.528968621616364487e-01 0.000000000000000000e+00
-3.375057731173001674e+00 -1.338676144304816518e+00 0.000000000000000000e+00
-1.048216863265483578e+00 2.295980912774688409e+00 0.000000000000000000e+00
1.054394384368255499e+00 3.362005753165102639e+00 0.000000000000000000e+00
-3.710873019353238433e+00 2.553446107514374397e-01 0.000000000000000000e+00
-1.007995870409770678e+00 2.901786520414483483e+00 0.000000000000000000e+00
1.639168309695956838e+00 -2.009227417514867220e+00 0.000000000000000000e+00
1.501435603935330265e+00 -2.626508956758005109e+00 0.000000000000000000e+00
4.125227233430511231e-01 -4.120199807999624375e-01 0.000000000000000000e+00
-2.359803392986804305e+00 1.976073345093287692e+00 0.000000000000000000e+00
-2.782238070617897741e+00 -3.990136706704063840e-01 0.000000000000000000e+00
2.328634784484584941e+00 1.102316769066337798e+00 0.000000000000000000e+00
-3.261639663259335187e+00 2.786500359320935871e-01 0.000000000000000000e+00
3.608659661370241967e+00 1.181700290830873357e+00 0.000000000000000000e+00
4.814661981809991165e-01 3.384512622679430649e+00 0.000000000000000000e+00
2.226484164504460850e+00 -1.687889030426223957e-01 0.000000000000000000e+00
6.775859686010554661e-01 1.116108603615519335e-01 0.000000000000000000e+00
-1.539872873960202782e+00 -3.603093455957736779e+00 0.000000000000000000e+00
-2.232043826111773654e-01 -3.395986899450194052e+00 0.000000000000000000e+00
-1.273611762296141592e+00 5.005706826195834847e-01 0.000000000000000000e+00
-1.455734449398504715e+00 1.299248506075164400e+00 0.000000000000000000e+00
4.966974848102386764e-01 -1.182691908031229477e+00 0.000000000000000000e+00
1.492119663901503301e+00 -6.379345310321959950e-02 0.000000000000000000e+00
-8.400404567863443139e-01 2.392113208603228180e+00 0.000000000000000000e+00
-6.022070527087066694e-01 2.932141564661436384e+00 0.000000000000000000e+00
-3.630854123004266798e-01 -1.720867235455259880e+00 0.000000000000000000e+00
1.438574953448756855e-01 -2.280635419882659054e+00 0.000000000000000000e+00
1.361694861902892129e+00 -1.590958241373034543e+00 0.000000000000000000e+00
-2.886798173780834587e-01 -2.231344875488130874e+00 0.000000000000000000e+00
-1.021801912170319904e+00 3.734110542255223653e+00 0.000000000000000000e+00
-1.883675518503612700e+00 6.736193344442562569e-01 0.000000000000000000e+00
-2.430333399760868041e+00 1.866849271593794990e+00 0.000000000000000000e+00
1.997390722513300743e+00 2.293859735377814957e+00 0.000000000000000000e+00
-1.145114434742318776e+00 2.266524766465387586e+00 0.000000000000000000e+00
1.889428690964530366e+00 2.874598946970188251e-01 0.000000000000000000e+00
2.536472179310459651e+00 -6.902962998606690936e-01 0.000000000000000000e+00
1.687899721282823950e-01 -2.409089099475899776e+00 0.000000000000000000e+00
-1.349580908484587560e+00 3.054826836925619737e+00 0.000000000000000000e+00
-8.096610303722771018e-01 1.762366925947751461e+00 0.000000000000000000e+00
3.275020741626180953e+00 5.162259754785314403e-01 0.000000000000000000e+00
2.043943744698860865e+00 -2.312402605791375354e+00 0.000000000000000000e+00
-1.335893623399421859e+00 -3.628700050144083367e+00 0.000000000000000000e+00
-2.846119487634622747e+00 -2.120888418339038406e+00 0.000000000000000000e+00
1.471667193414215369e+00 3.284161547090941102e+00 0.000000000000000000e+00
-4.492565148073573433e-01 1.072230788377444011e+00 0.000000000000000000e+00
1.410277428694831192e+00 -2.240095942777600602e+00 0.000000000000000000e+00
-5.292159253190993340e-01 -2.967767322061520829e+00 0.000000000000000000e+00
1.616929565904580368e+00 3.160208318370423264e+00 0.000000000000000000e+00
-8.025478086511244058e-01 -1.966010465444747890e+00 0.000000000000000000e+00
-8.199156431455467686e-01 2.269049426701793770e+00 0.000000000000000000e+00
3.785772471913254389e+00 5.442477612088136851e-01 0.000000000000000000e+00
2.881843404020442367e+00 -2.773500109276500591e+00 0.000000000000000000e+00
-3.001943251566374649e+00 7.589767000958460574e-01 0.000000000000000000e+00
3.511438816593558165e+00 -1.444759951583959312e+00 0.000000000000000000e+00
1.948311333196451889e+00 -2.736056742524812790e+00 0.000000000000000000e+00
-2.416501821932337535e-02 -2.242468078986380231e+00 0.000000000000000000e+00
-2.919800095752902891e+00 1.750938734993633616e+00 0.000000000000000000e+00
2.279864463228669980e+00 1.776846404259142531e+00 0.000000000000000000e+00
-2.161777234705311912e+00 1.881591581066423657e+00 0.000000000000000000e+00
-2.319635845059379697e+00 -2.316363489034519052e+00 0.000000000000000000e+00
-2.549305637242060829e+00 -1.422162582946335352e+00 0.000000000000000000e+00
-5.387511656632075763e-01 -2.636971673173893471e-03 0.000000000000000000e+00
1.811817923734939662e-01 -8.738246022688187509e-01 0.000000000000000000e+00
-3.005355659075488184e-01 -7.551044919008399470e-01 0.000000000000000000e+00
1.100371170691905043e+00 -1.170836096596016507e+00 0.000000000000000000e+00
2.475341347297249417e+00 -2.530568892901669198e+00 0.000000000000000000e+00
2.598336636030311730e-01 3.677823068548800478e+00 0.000000000000000000e+00
-1.957962933832474661e+00 -3.091435302924416817e-02 0.000000000000000000e+00
3.367536247557641360e+00 8.787991831821642119e-01 0.000000000000000000e+00
-3.020896456863902735e+00 2.268517172141262250e+00 0.000000000000000000e+00
1.448174541408457028e+00 1.392260923577395948e+00 0.000000000000000000e+00
2.669568766975400909e+00 -7.023966469529732137e-01 0.000000000000000000e+00
3.198492268887764833e-01 -2.380871397606787454e+00 0.000000000000000000e+00
1.483707607209833412e+00 2.812452179562534571e+00 0.000000000000000000e+00
-1.686695799070343504e-01 2.082336633237160672e+00 0.000000000000000000e+00
-1.739719651833296687e+00 4.249751231061927870e-01 0.000000000000000000e+00
8.957513470795875898e-01 2.884240126902311463e+00 0.000000000000000000e+00
-1.552098437710338397e+00 -1.840824071130204409e+00 0.000000000000000000e+00
7.618516068224923110e-02 1.880869263828136351e+00 0.000000000000000000e+00
-9.199645497111343939e-01 -2.931484668193106824e+00 0.000000000000000000e+00
-3.237920620773375280e+00 -1.536513058384084474e+00 0.000000000000000000e+00
-4.601872074908302523e-01 -1.233671457223048495e+00 0.000000000000000000e+00
-2.345515481491438958e+00 1.778599266799262058e+00 0.000000000000000000e+00
-5.273581575281272027e-02 -9.149943227554320213e-01 0.000000000000000000e+00
3.376290169074607217e+00 -3.081801871409972637e-01 0.000000000000000000e+00
3.885606886285105865e+00 4.877337720139716115e-01 0.000000000000000000e+00
-2.196577527265031637e+00 1.417361928776524449e+00 0.000000000000000000e+00
-1.506383654058593313e+00 -1.648101672214402846e+00 0.000000000000000000e+00
1.306034201707548581e+00 1.842975712505111385e+00 0.000000000000000000e+00
4.512569197122839881e-01 -2.835453668191591170e+00 0.000000000000000000e+00
-3.542135728097258518e+00 1.779956037919885770e+00 0.000000000000000000e+00
3.873954699194279705e+00 6.898891699363352004e-02 0.000000000000000000e+00
1.404970141550000218e+00 2.232620575202449498e+00 0.000000000000000000e+00
2.753205406398339328e+00 -1.306546970052872680e+00 0.000000000000000000e+00
2.110759388162881112e-01 -1.639953104661258654e-01 0.000000000000000000e+00
-1.215628672180434133e+00 2.873539328975794671e+00 0.000000000000000000e+00
-2.983780583900891070e+00 2.294832296086554368e+00 0.000000000000000000e+00
3.254921748167067364e+00 -1.604470189283653259e-01 0.000000000000000000e+00
-2.089056808131256826e+00 -2.532798905103277320e+00 0.000000000000000000e+00
-1.243597449807499977e+00 -1.785766587178407860e+00 0.000000000000000000e+00
1.386784592888144596e+00 -9.066546284958233448e-01 0.000000000000000000e+00
3.183533907162384047e+00 6.615534697027585231e-01 0.000000000000000000e+00
-2.268501293223871507e+00 -1.619980280450932231e-01 0.000000000000000000e+00
1.552890749534671988e+00 9.117407829135655284e-01 0.000000000000000000e+00
2.138335383279218682e+00 -8.329726110143267359e-01 0.000000000000000000e+00
-3.357770466441317714e-02 4.332330473336432064e-01 0.000000000000000000e+00
-8.954512742840363693e-01 2.188769907066643317e+00 0.000000000000000000e+00
3.107654854383905541e+00 -1.204799114767709067e+00 0.000000000000000000e+00
3.015583922483588530e+00 1.127309994282639227e+00 0.000000000000000000e+00
-3.328080138558914491e+00 7.487779235016394086e-01 0.000000000000000000e+00
-2.155328142287314119e-01 -3.062416748363416819e-01 0.000000000000000000e+00
3.330636181846354127e+00 2.593924474287174764e-01 0.000000000000000000e+00
5.119068858702922054e-01 -5.309835555581726707e-02 0.000000000000000000e+00
-7.292275975055784176e-01 -4.131225766232773378e-01 0.000000000000000000e+00
2.850295128800738542e+00 4.375707852908325979e-01 0.000000000000000000e+00
-3.985438346284923661e+00 1.098074965806079550e-01 0.000000000000000000e+00
1.149653303944591531e+00 -3.743476844701651540e+00 0.000000000000000000e+00
-2.859318700088383736e+00 2.342462877491596984e+00 0.000000000000000000e+00
3.411725834793248424e+00 1.717595670922764217e+00 0.000000000000000000e+00
-1.478123738864052905e+00 1.164215143653177131e+00 0.000000000000000000e+00
2.369592563321320178e+00 1.307026907348960876e+00 0.000000000000000000e+00
-2.687422875156198376e+00 1.834700322381576543e+00 0.000000000000000000e+00
5.994609791517460651e-02 3.252992377796325996e-01 0.000000000000000000e+00
3.564017767266379977e+00 8.722702202090837353e-02 0.000000000000000000e+00
1.027680514447566251e+00 1.980310961811796666e+00 0.000000000000000000e+00
-3.098821347839711304e+00 -1.410608915745875436e+00 0.000000000000000000e+00
-7.376829001745701664e-01 -1.262788834598063126e+00 0.000000000000000000e+00
2.143876504364544022e+00 -2.345494179434984172e+00 0.000000000000000000e+00
-1.296371323996972302e+00 -3.334001161806772195e+00 0.000000000000000000e+00
-3.716130935963296578e-02 3.570074108577848682e-01 0.000000000000000000e+00
-3.228776367928170576e-01 8.978749617356213131e-01 0.000000000000000000e+00
-2.158642474774148390e-01 3.604690491809177999e+00 0.000000000000000000e+00
-2.181216809427364289e+00 2.524058881573302271e-01 0.000000000000000000e+00
1.904380818096149675e-01 -1.726550400603517055e+00 0.000000000000000000e+00
1.275651786002254706e+00 2.107713569680840671e+00 0.000000000000000000e+00
-1.818392548260017172e+00 -3.493194649996640422e+00 0.000000000000000000e+00
-1.995333983183992466e+00 1.427647002200291837e+00 0.000000000000000000e+00
2.388725261210640660e+00 9.338197026166272785e-02 0.000000000000000000e+00
1.922323261258791716e+00 -3.184668761045101881e+00 0.000000000000000000e+00
-8.477644924546612337e-02 2.229874304145313513e+00 0.000000000000000000e+00
2.828277378610051240e+00 2.222450245498293064e+00 0.000000000000000000e+00
9.268723999517476386e-01 -1.125432696631751384e+00 0.000000000000000000e+00
-1.331095307209385625e-01 1.875894744196099806e+00 0.000000000000000000e+00
-2.725808456918779044e+00 2.694617158411536373e-01 0.000000000000000000e+00
1.168852762628145303e+00 -3.028530673065179979e+00 0.000000000000000000e+00
5.948174894957671821e-01 -1.203539911482951474e+00 0.000000000000000000e+00
-9.062727367262425338e-01 2.674676142384871724e+00 0.000000000000000000e+00
9.983297451868811123e-01 3.632271796360799776e+00 0.000000000000000000e+00
-1.571792656298813817e+00 1.326378227331050930e+00 0.000000000000000000e+00
1.969658827272904311e+00 9.832180189012873495e-02 0.000000000000000000e+00
-2.188748803648110197e+00 9.838511451814817566e-01 0.000000000000000000e+00
1.699183270597689699e+00 1.563606822359192572e+00 0.000000000000000000e+00
-6.546610279141571453e-01 1.723386818422623090e+00 0.000000000000000000e+00
2.231247025808250850e+00 2.545752927766433693e+00 0.000000000000000000e+00
-2.436604598546280975e+00 -2.339058618962671865e+00 0.000000000000000000e+00
5.838847192795915131e-01 3.675941396794522475e+00 0.000000000000000000e+00
1.632989378018523619e+00 2.311467842304236520e+00 0.000000000000000000e+00
5.029961746136116796e-01 4.611126799207382887e-01 0.000000000000000000e+00
-1.245871222712803705e+00 3.302109636959225547e+00 0.000000000000000000e+00
6.013657109162134917e-01 -7.188787898919987152e-01 0.000000000000000000e+00
-2.287605809564277060e+00 1.290721820816119081e+00 0.000000000000000000e+00
1.818150674325608396e+00 -9.581258483862047370e-01 0.000000000000000000e+00
1.193111865556147233e+00 -1.709088845347071839e+00 0.000000000000000000e+00
-2.839517091980311214e+00 -4.879190569288969215e-01 0.000000000000000000e+00
3.106795102700014688e+00 -3.244424251800717141e-01 0.000000000000000000e+00
3.221906690752488700e+00 1.111829363596767761e+00 0.000000000000000000e+00
-9.307568888606581048e-01 -2.476928145664238023e+00 0.000000000000000000e+00
-1.261494291216070263e+00 2.033677922918727177e+00 0.000000000000000000e+00
8.860646515925940658e-02 -8.292043743947437040e-01 0.000000000000000000e+00
3.833948982532723093e+00 -5.822766700084882618e-01 0.000000000000000000e+00
3.154120771017544289e+00 1.225301204250791809e+00 0.000000000000000000e+00
9.819923423497756154e-01 -3.800516839108601275e+00 0.000000000000000000e+00
-1.765397293886030283e+00 2.265784628596691164e+00 0.000000000000000000e+00
-3.230737948853845687e-02 1.086688849558364645e+00 0.000000000000000000e+00
1.404158928222454250e+00 -1.205206947875939072e+00 0.000000000000000000e+00
1.991128012328129415e-01 -4.968075419400970194e-01 0.000000000000000000e+00
1.585379148815458716e+00 3.098110400359505689e+00 0.000000000000000000e+00
-1.124981083891106071e+00 -2.210225107236459152e+00 0.000000000000000000e+00
-3.897635785919981721e+00 7.878600701707239029e-01 0.000000000000000000e+00
-3.469351210679401110e+00 -7.929859394543101736e-01 0.000000000000000000e+00
-2.968979356674725345e+00 6.043319998477958421e-03 0.000000000000000000e+00
-2.275489046054834930e-02 -2.911023654985079645e+00 0.000000000000000000e+00
1.323139137710743096e+00 1.325113521709775366e+00 0.000000000000000000e+00
-2.392026901244032722e+00 -2.916095747101650648e+00 0.000000000000000000e+00
-2.113919244331466274e+00 2.928498596233373163e+00 0.000000000000000000e+00
3.117267395652507211e+00 1.101319504170617192e+00 0.000000000000000000e+00
6.106328933405933412e-01 3.255017776187267842e+00 0.000000000000000000e+00
-2.234593306575530125e+00 7.323196780586772592e-01 0.000000000000000000e+00
-3.139030204435473426e+00 2.120903894507124132e+00 0.000000000000000000e+00
-2.729061908124951863e+00 -9.935209808948265442e-01 0.000000000000000000e+00
-2.345052954032697201e+00 2.135775082855390750e+00 0.000000000000000000e+00
3.022333868658271250e-01 -3.325340763796044818e+00 0.000000000000000000e+00
-1.305910722340730690e-02 -1.859461497475737524e+00 0.000000000000000000e+00
-2.727835648781316458e+00 -8.278005861156093603e-01 0.000000000000000000e+00
1.098803796380187547e+00 2.672292301574256790e+00 0.000000000000000000e+00
-1.938778038403554671e+00 -1.119850911277112671e+00 0.000000000000000000e+00
-1.571842852781411892e+00 2.955115964112324356e+00 0.000000000000000000e+00
-1.082748722697192800e+00 2.415578804785030176e+00 0.000000000000000000e+00
-1.744967265807629841e+00 -2.718001796677268267e+00 0.000000000000000000e+00
-9.130374863126451412e-01 -3.193267508343442529e+00 0.000000000000000000e+00
-3.357242988234226289e+00 1.413480389639238277e+00 0.000000000000000000e+00
1.440181479740112458e+00 -2.484404049813514259e+00 0.000000000000000000e+00
-2.427202797492105546e+00 7.952102508265664893e-01 0.000000000000000000e+00
2.334720315436846771e-01 2.459938664964522737e+00 0.000000000000000000e+00
2.815101467798733381e+00 -2.114439727933599578e+00 0.000000000000000000e+00
-1.749248643420014737e+00 2.121962374438485011e+00 0.000000000000000000e+00
3.966744040829691897e+00 -1.407043556986451449e-01 0.000000000000000000e+00
3.810307382924251751e-01 2.029308317687318564e+00 0.000000000000000000e+00
3.818888961160072704e+00 -2.825561358527139966e-02 0.000000000000000000e+00
3.391488446362879827e+00 -1.436050871853161048e+00 0.000000000000000000e+00
-9.330253649637638702e-01 -2.290761802131608071e+00 0.000000000000000000e+00
-3.315209215499604345e-01 -1.242741045616987838e+00 0.000000000000000000e+00
-3.042670416162788882e+00 -2.682459615368426586e-01 0.000000000000000000e+00
1.221810573445252679e+00 5.938709842728324695e-01 0.000000000000000000e+00
2.066150203406302843e+00 5.342136398224894833e-01 0.000000000000000000e+00
1.399705332199839392e+00 -1.400079543629751511e+00 0.000000000000000000e+00
1.174570653012504629e+00 1.770658002299510425e+00 0.000000000000000000e+00
3.052328517249402573e+00 -1.129053140950206924e+00 0.000000000000000000e+00
2.451918677752611853e+00 1.453547343299059103e+00 0.000000000000000000e+00
-1.249406631273181301e+00 -6.069660803934431303e-01 0.000000000000000000e+00
-2.675878963367448904e+00 1.512239380557512058e+00 0.000000000000000000e+00
2.289363103146716316e+00 1.813217137152204561e+00 0.000000000000000000e+00
-2.331497554032952557e+00 -1.454994381033185569e+00 0.000000000000000000e+00
-3.401646084887607557e+00 -2.380094963458858626e-01 0.000000000000000000e+00
-1.357578009105959715e-01 1.325019047592311372e+00 0.000000000000000000e+00
3.312105034547481175e+00 1.928747395293582301e+00 0.000000000000000000e+00
1.215814706634690268e+00 -3.042050524529201105e+00 0.000000000000000000e+00
3.735995969850847587e+00 1.082187158703495466e+00 0.000000000000000000e+00
1.702394354311534519e+00 -2.266706609161235786e+00 0.000000000000000000e+00
1.785544042829803058e+00 -2.597133068167240655e+00 0.000000000000000000e+00
5.432827415031100671e-01 3.946842015356983424e+00 0.000000000000000000e+00
-3.658181433643285629e+00 -2.254653133596247194e-01 0.000000000000000000e+00
-3.886271191391567070e-01 -1.872979834517265019e+00 0.000000000000000000e+00
-3.213325970505389151e+00 -9.572762289376619549e-01 0.000000000000000000e+00
-1.492306834147171912e+00 -3.636848372168479671e+00 0.000000000000000000e+00
3.747543251812814891e-01 -3.312075063751576565e+00 0.000000000000000000e+00
3.352477191349616081e+00 6.473622832366905389e-01 0.000000000000000000e+00
-3.914998624780429370e+00 7.420195967531257875e-01 0.000000000000000000e+00
3.199971086117548325e+00 2.167545740631482420e-01 0.000000000000000000e+00
4.104968860822415522e-01 -7.044264295373749984e-01 0.000000000000000000e+00
1.312352702848015085e+00 3.224614498589889688e+00 0.000000000000000000e+00
-1.159415349784440830e+00 -1.405107058215704141e+00 0.000000000000000000e+00
-1.239034552958007129e+00 -1.060397094446833277e-01 0.000000000000000000e+00
-2.475147561049816591e+00 2.424400923348668524e+00 0.000000000000000000e+00
6.583441453052130132e-01 3.641055773555076591e+00 0.000000000000000000e+00
9.908462813366794020e-01 -6.649582136098036722e-02 0.000000000000000000e+00
1.047942876358769926e+00 -8.427271559690766578e-01 0.000000000000000000e+00
-3.050860019648435895e+00 -3.109978247544982199e-01 0.000000000000000000e+00
5.057344590545429508e-01 1.439613874589078968e+00 0.000000000000000000e+00
4.044887829724961303e-01 -2.410550028984054016e+00 0.000000000000000000e+00
1.012476273396345938e+00 2.280159191647727290e+00 0.000000000000000000e+00
3.181050934236401062e+00 4.060467448196369844e-02 0.000000000000000000e+00
-2.698711797798502232e+00 -2.619136930194828849e+00 0.000000000000000000e+00
4.235376118923115385e-01 -3.506971276522770076e+00 0.000000000000000000e+00
1.502421490677684712e+00 -6.523217284347092582e-01 0.000000000000000000e+00
-1.751200928599615292e+00 -2.547537604091787866e+00 0.000000000000000000e+00
3.583057763372537785e+00 -2.002976663788893497e-01 0.000000000000000000e+00
-2.439237897178770709e+00 -2.752717701406270034e+00 0.000000000000000000e+00
5.339381256690064470e-01 -5.899046619079438836e-01 0.000000000000000000e+00
7.642696892212084148e-01 7.877495561803889990e-01 0.000000000000000000e+00
-9.543674794690879537e-01 -7.063511959232340320e-01 0.000000000000000000e+00
-3.830844316127596905e+00 8.034837482222025873e-01 0.000000000000000000e+00
-1.408800703859143688e+00 -5.702167277728600325e-01 0.000000000000000000e+00
-3.808383024041638976e+00 -1.607609960520384185e-01 0.000000000000000000e+00
2.884915727822267018e-01 -2.189699006155878536e+00 0.000000000000000000e+00
1.541681339505838855e+00 -7.196433116723242041e-01 0.000000000000000000e+00
1.890992332403165443e+00 -2.514475847264604269e+00 0.000000000000000000e+00
-8.498942228088348649e-01 -1.166787985989108600e+00 0.000000000000000000e+00
-1.568109306779213341e+00 3.063014061735740867e+00 0.000000000000000000e+00
-3.441674173837193429e+00 8.467317873761572855e-01 0.000000000000000000e+00
-1.481375205674565265e+00 2.282873778699189504e+00 0.000000000000000000e+00
-2.220646214488906978e+00 -2.653719897454967835e+00 0.000000000000000000e+00
-1.059281084377212023e+00 -5.514763199756009815e-01 0.000000000000000000e+00
3.783548120179061058e+00 -6.857079735891080663e-01 0.000000000000000000e+00
2.858128978959592059e-01 2.183223605585376426e+00 0.000000000000000000e+00
-2.104746690413658250e+00 -2.746911395428339286e+00 0.000000000000000000e+00
-1.261095761796682702e+00 -1.875480206599226651e+00 0.000000000000000000e+00
3.215022411404913072e+00 7.271199475860630201e-01 0.000000000000000000e+00
1.912753300784596711e+00 3.932780996223761427e-02 0.000000000000000000e+00
2.971564022351775858e+00 4.608648618647148698e-01 0.000000000000000000e+00
-2.923784442289319330e+00 -1.645904456635831403e+00 0.000000000000000000e+00
2.808265452672163764e+00 9.943385317539273904e-01 0.000000000000000000e+00
9.845108855539721482e-01 3.815279158255970415e+00 0.000000000000000000e+00
-1.294852908298578686e+00 -3.258195646613769592e-01 0.000000000000000000e+00
9.136922123302450016e-01 2.212011340645987367e+00 0.000000000000000000e+00
7.696467947066087945e-02 -2.671447713105337129e+00 0.000000000000000000e+00
1.166666056232465110e+00 -1.572799422021059712e+00 0.000000000000000000e+00
-8.409079704668444011e-01 2.502086478825209959e+00 0.000000000000000000e+00
3.215927802987247119e+00 2.429199481617754230e-01 0.000000000000000000e+00
-3.714942819480216984e-01 1.623008065045261183e+00 0.000000000000000000e+00
-2.581995263687783204e+00 -2.717828889926948932e+00 0.000000000000000000e+00
3.686357003931854948e-01 -2.129354183245407706e-01 0.000000000000000000e+00
-1.557439836028623681e+00 5.048631994111812960e-01 0.000000000000000000e+00
-5.325350338957789420e-01 -1.832697208447990000e+00 0.000000000000000000e+00
2.445887533739456110e+00 2.725990157812002490e+00 0.000000000000000000e+00
3.475019802020201443e+00 4.387196394202177441e-01 0.000000000000000000e+00
-1.937416672108190685e+00 3.417062319658571434e-01 0.000000000000000000e+00
-6.821560808194104819e-01 -1.956154935114965632e+00 0.000000000000000000e+00
1.699701902408903287e-01 -2.333533876652812644e+00 0.000000000000000000e+00
-7.927897654931204130e-02 -8.367606015233406414e-01 0.000000000000000000e+00
1.354416732656180899e+00 3.518447489314459276e+00 0.000000000000000000e+00
-9.591833706936239157e-01 -1.376926357284490532e+00 0.000000000000000000e+00
1.864412598327210402e+00 -1.731277530285315391e+00 0.000000000000000000e+00
4.511952621986504708e-01 4.942218164808709346e-02 0.000000000000000000e+00
-4.758558864279324174e-01 -1.527219910016970772e+00 0.000000000000000000e+00
-2.054502261170294553e+00 -2.539381860152158499e+00 0.000000000000000000e+00
-1.764576551528890924e+00 1.231576218608110729e+00 0.000000000000000000e+00
-1.107270580292704087e+00 -1.835912845452768005e+00 0.000000000000000000e+00
1.650291701851127474e-03 5.257302141658053846e-02 0.000000000000000000e+00
1.960245363679413044e+00 1.259862520631956695e+00 0.000000000000000000e+00
-5.262866598981654764e-01 3.923907861263015384e+00 0.000000000000000000e+00
3.536991218904314671e+00 1.600838044693166706e+00 0.000000000000000000e+00
1.981468663342957459e+00 -1.933916332069105515e+00 0.000000000000000000e+00
-3.751010784699602141e-01 1.972434785310288596e+00 0.000000000000000000e+00
1.876035566939920352e-01 3.401870731633766520e-01 0.000000000000000000e+00
2.963598327933383292e+00 -4.354633475927978115e-01 0.000000000000000000e+00
9.048341590837112591e-02 -4.268321305271258193e-04 0.000000000000000000e+00
1.392373091698881460e+00 -1.133649912637026080e+00 0.000000000000000000e+00
-2.038553029345750112e+00 2.456735582170945342e+00 0.000000000000000000e+00
2.013643500656608243e+00 -1.362990172791764820e-01 0.000000000000000000e+00
-2.714141538674804899e+00 -1.698800981959628809e+00 0.000000000000000000e+00
2.959511295023956379e+00 -2.803825374181265762e-01 0.000000000000000000e+00
-2.017565616146918650e+00 -3.184981365166606793e+00 0.000000000000000000e+00
2.357785242478542820e+00 -1.950238833833925156e+00 0.000000000000000000e+00
-2.539350530685931417e+00 -2.205672568033582248e+00 0.000000000000000000e+00
1.624241043325330480e+00 -1.007206508219060215e+00 0.000000000000000000e+00
9.568626670375801613e-01 2.951575908907416057e+00 0.000000000000000000e+00
-1.801828678709107567e+00 -2.602703048923444840e+00 0.000000000000000000e+00
4.021604932774767160e-01 2.966012098564026811e+00 0.000000000000000000e+00
-1.210580961688399126e+00 7.896712204403171231e-01 0.000000000000000000e+00
2.381993752810505960e+00 2.576165144354511050e+00 0.000000000000000000e+00
-4.577751271040954584e-01 -2.831889341693358819e-01 0.000000000000000000e+00
-1.067090364589877161e-01 -8.318064675793286344e-01 0.000000000000000000e+00
-2.553389305607053128e+00 9.031528860326001329e-01 0.000000000000000000e+00
2.539507973226863058e+00 -6.560228233520990493e-01 0.000000000000000000e+00
2.303709785116349273e+00 1.195143372873746390e+00 0.000000000000000000e+00
2.255450540783702884e+00 2.808703177120942307e+00 0.000000000000000000e+00
1.801862506439906531e+00 -3.936970021749270909e-01 0.000000000000000000e+00
1.640527719902357351e+00 -4.235677665954903359e-01 0.000000000000000000e+00
-1.521478506991001511e+00 -2.790142614685300337e+00 0.000000000000000000e+00
-7.854001801150685136e-01 -2.796104782346470863e+00 0.000000000000000000e+00
2.592840663327102391e+00 -1.362097232710229644e+00 0.000000000000000000e+00
2.554810499727617312e+00 -2.770361774859884996e+00 0.000000000000000000e+00
1.940376205617301064e+00 -2.742681340107603116e+00 0.000000000000000000e+00
2.490859730509255243e+00 2.133794184855051679e+00 0.000000000000000000e+00
-5.920918722949878976e+00 2.868031027033862479e+00 1.000000000000000000e+00
-6.603897063996880590e+00 -2.882893104837619624e+00 1.000000000000000000e+00
3.505026386434148655e+00 -6.428751243022767348e+00 1.000000000000000000e+00
-3.532591450501481489e+00 -6.388957085083346144e+00 1.000000000000000000e+00
6.521775793506948915e+00 6.773552566811753550e-01 1.000000000000000000e+00
-8.425437853058218352e+00 -5.048568686707803010e+00 1.000000000000000000e+00
2.907792664263377347e+00 5.881565252117194831e+00 1.000000000000000000e+00
-6.303539859624522457e+00 -1.870267299473504785e+00 1.000000000000000000e+00
6.251622310521153025e+00 -1.019966306946991086e+00 1.000000000000000000e+00
4.069696075274924496e+00 -5.369682813385054487e+00 1.000000000000000000e+00
-1.248250622938563925e+00 -7.166815688230057546e+00 1.000000000000000000e+00
-3.167875761627146680e+00 -7.359810932266877437e+00 1.000000000000000000e+00
3.389415702507694306e-01 -6.561190135439540327e+00 1.000000000000000000e+00
-5.584272459435168479e+00 -6.962759035515187378e+00 1.000000000000000000e+00
-2.959203978728408568e+00 5.295196113100239188e+00 1.000000000000000000e+00
6.088941400817772909e+00 3.810144075696887178e+00 1.000000000000000000e+00
-5.989390358201145403e+00 -1.271218164970403297e+00 1.000000000000000000e+00
6.014219043060342607e+00 4.082828086043346794e+00 1.000000000000000000e+00
2.753566401359659466e+00 6.412360913164445897e+00 1.000000000000000000e+00
6.104313556114652428e+00 4.823449609591295761e+00 1.000000000000000000e+00
-2.701302504927241888e+00 -9.499212029474913166e+00 1.000000000000000000e+00
-5.133945749224369415e+00 -5.585953138641521321e+00 1.000000000000000000e+00
6.455151028218354625e+00 3.762568647627997809e+00 1.000000000000000000e+00
-4.717740045756142919e+00 -4.013858893313471121e+00 1.000000000000000000e+00
-6.455762310906568935e+00 -3.360340275139723332e+00 1.000000000000000000e+00
7.064170473569993725e+00 4.977647412949496086e+00 1.000000000000000000e+00
-5.391276255884648094e+00 -7.683228577795672365e+00 1.000000000000000000e+00
-5.080057541473476768e+00 -3.948455472200303795e+00 1.000000000000000000e+00
-7.511993388621603707e+00 -5.566388477099385668e+00 1.000000000000000000e+00
3.297814531154886986e+00 6.105863916991506102e+00 1.000000000000000000e+00
4.270483842091798543e+00 7.659863379443939024e+00 1.000000000000000000e+00
4.875347375537335104e+00 5.168588238167731497e+00 1.000000000000000000e+00
5.233659746892724840e-01 6.686622017209663760e+00 1.000000000000000000e+00
-6.422349504820494381e+00 2.149190592324730087e+00 1.000000000000000000e+00
-3.394847047188296774e+00 -8.876989114539869163e+00 1.000000000000000000e+00
-7.522471713165346685e+00 -3.404909421730681895e+00 1.000000000000000000e+00
8.280922424781298474e+00 -3.142476980594438807e+00 1.000000000000000000e+00
-5.406434306552924340e+00 -6.065281179031813075e+00 1.000000000000000000e+00
-4.406565084150951606e+00 -4.838506774169997193e+00 1.000000000000000000e+00
-4.838646882264253435e+00 -4.583921959018105063e+00 1.000000000000000000e+00
6.114485852337439020e+00 2.985899568748855870e+00 1.000000000000000000e+00
5.897296364634935451e+00 6.969920749194896459e+00 1.000000000000000000e+00
4.160755504646656000e+00 6.312892822042564411e+00 1.000000000000000000e+00
8.762004415948830172e+00 2.200381024335148705e+00 1.000000000000000000e+00
5.091969610216664499e-01 6.473704336632126299e+00 1.000000000000000000e+00
-8.056890751891277347e+00 1.080248291475032651e+00 1.000000000000000000e+00
2.640798947754993353e+00 -7.522000780048876400e+00 1.000000000000000000e+00
4.834170054985782450e+00 -4.908336618016703845e+00 1.000000000000000000e+00
-4.652175807251386352e-01 -6.840057804508359318e+00 1.000000000000000000e+00
-5.189284087951932634e+00 4.153585278805945080e+00 1.000000000000000000e+00
-2.621190572606047375e+00 6.366164380146424939e+00 1.000000000000000000e+00
-4.204599912965016451e+00 6.802966471193337306e+00 1.000000000000000000e+00
4.774153335995925396e+00 7.347962919612976762e+00 1.000000000000000000e+00
7.666022315194132020e+00 3.068497975558714508e+00 1.000000000000000000e+00
5.114747514051685151e+00 -7.194690420241921736e+00 1.000000000000000000e+00
8.469969951519262352e+00 4.064574010097349976e+00 1.000000000000000000e+00
7.320767478034069242e+00 -1.807950926781306311e+00 1.000000000000000000e+00
-6.737276198558448392e+00 -4.779646583032480578e+00 1.000000000000000000e+00
-8.378708506879840812e+00 -1.951593198591123457e+00 1.000000000000000000e+00
-6.114273928660082014e+00 4.765925156982560473e+00 1.000000000000000000e+00
3.579677566800133715e+00 9.235782777096568807e+00 1.000000000000000000e+00
5.633356520102757337e+00 4.102733877788291572e+00 1.000000000000000000e+00
-6.930679999743656339e+00 -3.782230528530150515e+00 1.000000000000000000e+00
-4.107051389594467139e+00 -4.480635728032327236e+00 1.000000000000000000e+00
-7.372771122512502551e-01 -5.963192959686063332e+00 1.000000000000000000e+00
-4.611377090491433073e+00 -6.578848766223226896e+00 1.000000000000000000e+00
5.222118086065997922e+00 4.456593603819067440e+00 1.000000000000000000e+00
-5.762516726037206993e+00 -1.813609654030603480e+00 1.000000000000000000e+00
4.732167824822190560e+00 5.327668670324966271e+00 1.000000000000000000e+00
6.932310009584105259e+00 3.638417296351810659e+00 1.000000000000000000e+00
-7.528829997247703965e+00 -9.781163028332322540e-01 1.000000000000000000e+00
-4.985812060248361099e+00 3.729335161622765238e+00 1.000000000000000000e+00
-6.634479911303499122e+00 -1.203919429579729528e+00 1.000000000000000000e+00
-5.434111301455397225e+00 -6.797242548017973007e+00 1.000000000000000000e+00
-3.788603428229277092e+00 -5.396281201408080541e+00 1.000000000000000000e+00
-5.870040715497554018e+00 -3.466710802284393100e+00 1.000000000000000000e+00
2.173762087272809396e+00 6.406481414245257078e+00 1.000000000000000000e+00
-9.896903982327929228e-01 6.231376744791550237e+00 1.000000000000000000e+00
-1.064254777337331426e+00 7.437391560229396958e+00 1.000000000000000000e+00
-7.269133371734774585e+00 7.480863899377165893e-01 1.000000000000000000e+00
5.041964380749099028e+00 7.771826959119206180e+00 1.000000000000000000e+00
-6.155752975350226919e+00 -1.143037050989744063e+00 1.000000000000000000e+00
2.364817383673730511e+00 7.149214756349887345e+00 1.000000000000000000e+00
-8.643553958859024888e+00 -4.713329128708574345e+00 1.000000000000000000e+00
3.254816981157465872e+00 -6.416443021097736121e+00 1.000000000000000000e+00
5.422768409398038614e+00 3.975174873113124008e+00 1.000000000000000000e+00
-7.008737279306233248e+00 -6.190153572073644916e+00 1.000000000000000000e+00
-2.320394035640670705e+00 -7.060828772628914507e+00 1.000000000000000000e+00
-7.739597936679241563e+00 -3.850351325730819951e+00 1.000000000000000000e+00
-4.694034281659590135e+00 -5.828816143524415239e+00 1.000000000000000000e+00
4.349823577582237810e+00 4.693933975246901369e+00 1.000000000000000000e+00
-6.136212130943679455e+00 -8.928274310453456764e-01 1.000000000000000000e+00
-3.182378573714215175e+00 -8.473265093988160856e+00 1.000000000000000000e+00
-7.030480531792939303e+00 -4.718842994060119089e+00 1.000000000000000000e+00
-7.977959009088160691e+00 -4.877289999049360780e+00 1.000000000000000000e+00
2.460885705606001395e+00 6.225876754871916496e+00 1.000000000000000000e+00
-2.961638842091489643e-01 6.150894026688311200e+00 1.000000000000000000e+00
-4.545674021859286817e+00 -7.690092568580936927e+00 1.000000000000000000e+00
-7.837353912639526854e+00 -4.278393738182408867e+00 1.000000000000000000e+00
-6.182298387340528834e+00 -2.500739113010398196e+00 1.000000000000000000e+00
3.416296133366166554e+00 5.909150926318915253e+00 1.000000000000000000e+00
-5.657218563156809488e+00 -5.164475199032312780e+00 1.000000000000000000e+00
5.501940453493410210e+00 4.945787941449408365e+00 1.000000000000000000e+00
6.360387338579061023e+00 6.937477988834017673e+00 1.000000000000000000e+00
-5.086880907605090485e+00 -7.235929852364890280e+00 1.000000000000000000e+00
6.174380964506073433e+00 5.462665339023311972e+00 1.000000000000000000e+00
-3.563778417013059752e+00 -6.249934524100716260e+00 1.000000000000000000e+00
-5.476254686225320967e+00 -4.701558279271464968e+00 1.000000000000000000e+00
-8.673297068049604874e+00 -3.549581731394451545e+00 1.000000000000000000e+00
-7.146231800343999296e+00 -3.458868402765712169e+00 1.000000000000000000e+00
-2.987724567743914594e+00 6.349096094577242333e+00 1.000000000000000000e+00
-8.426729394517559868e+00 -3.665092715650586364e+00 1.000000000000000000e+00
6.753433976479052525e+00 5.539688609237228611e+00 1.000000000000000000e+00
6.192301213723956366e-01 9.209868978887067570e+00 1.000000000000000000e+00
3.700609045362674543e+00 -4.852179647445407973e+00 1.000000000000000000e+00
-9.101047408429687735e-01 -6.752826446681236661e+00 1.000000000000000000e+00
3.344644165368899635e+00 5.656772528990692273e+00 1.000000000000000000e+00
-4.757491999134451532e+00 -5.948319840852499318e+00 1.000000000000000000e+00
4.845207681383700837e+00 4.788637041734726374e+00 1.000000000000000000e+00
2.123133232811794002e+00 5.800265100219291980e+00 1.000000000000000000e+00
3.419639122012311461e+00 8.389677964574396185e+00 1.000000000000000000e+00
-6.312489691744594289e+00 -4.323247416582853830e-02 1.000000000000000000e+00
-6.414006229284939131e+00 5.743861516002801260e+00 1.000000000000000000e+00
4.839249971577781473e+00 7.172194205295310709e+00 1.000000000000000000e+00
-8.412044499767773686e+00 -3.323216667627953314e+00 1.000000000000000000e+00
4.620822692161394407e+00 -8.290896553374182076e+00 1.000000000000000000e+00
7.572522072344563426e+00 4.343695965119843017e+00 1.000000000000000000e+00
7.144528900225521006e+00 -5.285486803280627477e+00 1.000000000000000000e+00
5.377060511487755434e+00 8.004733165392043048e+00 1.000000000000000000e+00
4.447913857189708331e+00 4.073353824680561175e+00 1.000000000000000000e+00
4.624927741941301740e+00 4.756955506556103330e+00 1.000000000000000000e+00
-5.335812363006485981e+00 -3.423153501102810026e+00 1.000000000000000000e+00
4.190133495507511796e+00 -4.362706509016804901e+00 1.000000000000000000e+00
8.765701877587231294e+00 4.062690433637651921e+00 1.000000000000000000e+00
-5.877543873989670153e+00 -4.236902418487464850e+00 1.000000000000000000e+00
-2.548527036792049394e+00 6.444312682787655788e+00 1.000000000000000000e+00
3.966936795495536572e+00 -4.632410304633785003e+00 1.000000000000000000e+00
-6.087004070487452623e+00 -9.240245539855944656e-01 1.000000000000000000e+00
7.463923186964258605e+00 4.960366852214688649e+00 1.000000000000000000e+00
7.772904821605322923e+00 2.755922651547078051e+00 1.000000000000000000e+00
6.664825985758917604e+00 1.876738373371900970e+00 1.000000000000000000e+00
6.995134704701600370e+00 1.848786527010834568e+00 1.000000000000000000e+00
7.433817098529824641e+00 -5.972721121960465673e+00 1.000000000000000000e+00
4.923946039800326524e+00 6.675528679556133937e+00 1.000000000000000000e+00
4.081934820914005613e+00 -8.018569664880747183e+00 1.000000000000000000e+00
-6.226006033101686654e+00 -5.290370384468157106e+00 1.000000000000000000e+00
-6.244374087570108145e+00 4.989387054488987339e-01 1.000000000000000000e+00
-5.795562196731142812e+00 -4.122936785624803591e+00 1.000000000000000000e+00
-4.865770637595549175e+00 -5.431988377812176694e+00 1.000000000000000000e+00
5.195214905828994922e+00 -6.023743120954951458e+00 1.000000000000000000e+00
-3.409159055475805555e+00 6.553955951107679923e+00 1.000000000000000000e+00
-5.962976358448123904e+00 -5.736351633985875331e+00 1.000000000000000000e+00
-6.877991987138937446e+00 -4.963196497066620694e+00 1.000000000000000000e+00
-6.306496568282280890e+00 -6.461768547814613406e+00 1.000000000000000000e+00
6.286012199520635946e+00 2.000745952108493597e-01 1.000000000000000000e+00
5.963455031216150282e+00 7.387952652656933239e+00 1.000000000000000000e+00
7.118369507784279904e+00 3.373784540073676119e+00 1.000000000000000000e+00
1.647221011913803324e+00 6.279702885198890527e+00 1.000000000000000000e+00
-4.955946931092303664e+00 -4.415469264106778979e+00 1.000000000000000000e+00
-4.579758024360259583e+00 -6.388191892346189782e+00 1.000000000000000000e+00
7.140605557567521799e+00 1.228705610212797783e+00 1.000000000000000000e+00
5.746279851287613205e+00 3.073220671437252527e+00 1.000000000000000000e+00
-7.446353472482119429e+00 -5.814146116377298945e-01 1.000000000000000000e+00
6.245696669945435708e+00 4.156694654286859247e+00 1.000000000000000000e+00
-6.436313567985235906e+00 -3.179160426104488124e-01 1.000000000000000000e+00
6.540667653500834788e+00 -2.304153439192419217e+00 1.000000000000000000e+00
3.477746454655632036e+00 7.350118520978067060e+00 1.000000000000000000e+00
-1.444470547467423760e+00 -6.429198192683568180e+00 1.000000000000000000e+00
6.833440567994793824e+00 -6.998353650866562248e+00 1.000000000000000000e+00
-5.651023821224067767e+00 -5.224969790911492495e+00 1.000000000000000000e+00
-2.130107657093369244e+00 -7.928162114396990034e+00 1.000000000000000000e+00
-4.478277964378325926e+00 -4.970064158605507210e+00 1.000000000000000000e+00
8.213775966115722582e+00 1.492802242250443001e+00 1.000000000000000000e+00
-2.934250418322286169e+00 -9.088021987152538728e+00 1.000000000000000000e+00
-5.590569559197614780e+00 -6.613584249847106911e+00 1.000000000000000000e+00
8.188280288031711152e+00 4.588122422517296073e+00 1.000000000000000000e+00
-5.794838737062789846e+00 -7.839321543715248808e+00 1.000000000000000000e+00
4.933373475495336002e+00 8.037766304741516876e+00 1.000000000000000000e+00
-9.828883120524101180e-01 6.426200978645157491e+00 1.000000000000000000e+00
-4.797595928861212222e+00 -7.667065584342385165e+00 1.000000000000000000e+00
-4.700605157062472728e+00 -6.670914505947966866e+00 1.000000000000000000e+00
6.353266152140174761e+00 6.830208939467821594e+00 1.000000000000000000e+00
4.518687755973753717e+00 7.574852643979076205e+00 1.000000000000000000e+00
-8.106160784573134492e+00 -2.337473086881873385e+00 1.000000000000000000e+00
7.927541236541372882e+00 9.391411292314972847e-01 1.000000000000000000e+00
-5.925575886823228444e+00 1.302963067451275769e+00 1.000000000000000000e+00
-3.982882976135616815e+00 -5.053608143317396717e+00 1.000000000000000000e+00
4.150647758532945986e+00 4.475282592032440832e+00 1.000000000000000000e+00
-5.211745151258521780e+00 -4.018993914776350707e+00 1.000000000000000000e+00
7.275036597867805099e+00 3.744651976045481057e+00 1.000000000000000000e+00
2.109048023504152880e+00 7.554738681720411186e+00 1.000000000000000000e+00
6.379403559573303184e+00 -2.847894244642413142e+00 1.000000000000000000e+00
1.558317490411715855e+00 -7.513068326522549079e+00 1.000000000000000000e+00
5.092925631373038442e+00 6.286741330780768244e+00 1.000000000000000000e+00
-5.669886821375142105e+00 -4.388710458955453753e+00 1.000000000000000000e+00
-4.180954357857672221e+00 -5.170662830228604179e+00 1.000000000000000000e+00
-7.007244040198275847e+00 -7.091372147096106637e-01 1.000000000000000000e+00
-7.066403442183622374e+00 5.620606057013031176e-01 1.000000000000000000e+00
-7.886588983617063064e+00 -1.325151582360226232e+00 1.000000000000000000e+00
-2.341630710874870847e+00 -8.886769051201193648e+00 1.000000000000000000e+00
6.540266595991880649e+00 4.172127174862239052e-01 1.000000000000000000e+00
8.109151653020568062e+00 -2.879464980553136932e+00 1.000000000000000000e+00
2.427076262475567070e+00 8.041895614231526324e+00 1.000000000000000000e+00
-6.103527478389750627e+00 -2.155578660171440397e+00 1.000000000000000000e+00
-8.967212408823286296e+00 -1.910730387371719186e+00 1.000000000000000000e+00
-4.731038875562481927e+00 -5.705506619730637219e+00 1.000000000000000000e+00
-6.288490741646525883e+00 -1.730556739536716293e+00 1.000000000000000000e+00
-7.579453679438452163e+00 -5.018990092746779652e+00 1.000000000000000000e+00
-4.772707160351886024e+00 -6.504520852991226398e+00 1.000000000000000000e+00
-4.797574258475565401e+00 4.420451459399107108e+00 1.000000000000000000e+00
8.859836668792528513e+00 4.020860960043126653e+00 1.000000000000000000e+00
-1.613573508254484423e-01 7.029792064072393210e+00 1.000000000000000000e+00
7.963885320931709089e+00 -5.011811596347559572e+00 1.000000000000000000e+00
-2.849971902892917797e+00 7.233254689864699216e+00 1.000000000000000000e+00
1.508128947900946315e+00 8.689484495443092982e+00 1.000000000000000000e+00
-7.913110904273996660e+00 -4.562131299736652323e+00 1.000000000000000000e+00
-4.940421790616284170e+00 -5.459680368721131494e+00 1.000000000000000000e+00
-4.787364741360979892e+00 -8.024601274548183838e+00 1.000000000000000000e+00
-7.410602909725551690e+00 -3.570033445541749728e+00 1.000000000000000000e+00
-6.024391408685883853e+00 2.399649819448597121e+00 1.000000000000000000e+00
-6.154142869496412871e+00 5.661104725663795634e+00 1.000000000000000000e+00
4.909381430799063750e+00 4.011820151853201288e+00 1.000000000000000000e+00
6.398806060307132171e+00 2.588119380954752025e+00 1.000000000000000000e+00
-8.774592974620052388e+00 2.145224262906914259e+00 1.000000000000000000e+00
-3.937905382052632852e+00 -5.617259614424517267e+00 1.000000000000000000e+00
-1.164141790734217086e+00 5.959289937329725895e+00 1.000000000000000000e+00
-5.585087813767670717e-01 -7.419651483982915074e+00 1.000000000000000000e+00
-5.203170147635257869e+00 -7.346861536005873106e+00 1.000000000000000000e+00
5.511419782609156215e+00 8.155356854388850607e+00 1.000000000000000000e+00
-5.704918985402032128e+00 3.531091939541586733e+00 1.000000000000000000e+00
-5.462492263442221940e+00 -4.944036370967436866e+00 1.000000000000000000e+00
-6.497902954706431089e+00 -3.993529296361663317e+00 1.000000000000000000e+00
-2.903209188648296912e+00 -8.591810724411864442e+00 1.000000000000000000e+00
6.935292170303779535e+00 4.209216605138169420e+00 1.000000000000000000e+00
-2.821638657186932519e+00 -6.784049266481943619e+00 1.000000000000000000e+00
-7.764319897189254860e+00 -3.854502511431640688e+00 1.000000000000000000e+00
2.078890673751854212e+00 6.285182279873001931e+00 1.000000000000000000e+00
-6.588582088552410454e+00 -5.492429755757192389e+00 1.000000000000000000e+00
-4.408529792473831144e+00 -5.237813051954468335e+00 1.000000000000000000e+00
7.634017362984035771e+00 3.481378186821607823e+00 1.000000000000000000e+00
6.117002242356145203e+00 -9.906339998688213910e-01 1.000000000000000000e+00
-6.737946513372710555e+00 -1.829005507546998199e+00 1.000000000000000000e+00
-2.841382835763599068e+00 5.978622304462631654e+00 1.000000000000000000e+00
-7.556546239138672405e+00 1.659179065785780782e+00 1.000000000000000000e+00
5.726127687811459310e+00 8.136920478017719560e+00 1.000000000000000000e+00
-3.461998918547081416e+00 -7.446026852640473592e+00 1.000000000000000000e+00
1.872996577970130083e+00 6.657115346214018459e+00 1.000000000000000000e+00
9.020087221354042839e+00 2.288085404397965039e+00 1.000000000000000000e+00
4.891439385952670804e+00 5.843645375283196053e+00 1.000000000000000000e+00
-2.349329217473282938e+00 8.299209865068471359e+00 1.000000000000000000e+00
-6.259583375516188930e+00 -3.297698953402615984e+00 1.000000000000000000e+00
-6.255708463325511559e+00 -2.152177261396204688e+00 1.000000000000000000e+00
-5.489226278769693046e+00 -8.018237188474742538e+00 1.000000000000000000e+00
3.861508297554807623e+00 -5.707187579136804523e+00 1.000000000000000000e+00
1.634068346955718454e+00 7.509020218254418566e+00 1.000000000000000000e+00
9.367925102312306684e-01 -6.598631342540311806e+00 1.000000000000000000e+00
-3.813491602851287965e+00 -8.499661142694762361e+00 1.000000000000000000e+00
6.977978048419585910e+00 -5.202064054009648331e+00 1.000000000000000000e+00
3.957395045799177336e+00 6.251213397638560210e+00 1.000000000000000000e+00
-5.707356737566139593e+00 -7.260853696055679762e+00 1.000000000000000000e+00
5.435143623074127461e+00 -3.307640583973225912e+00 1.000000000000000000e+00
-3.723772984733130897e+00 -5.024104960022323318e+00 1.000000000000000000e+00
5.029636686361418363e+00 7.418260358763480333e+00 1.000000000000000000e+00
-3.315210523864378533e+00 7.394041933639612374e+00 1.000000000000000000e+00
-5.286812408239513594e+00 -8.114929172648119859e+00 1.000000000000000000e+00
2.276281904142143375e-01 7.696220261752944936e+00 1.000000000000000000e+00
9.345617229309707952e+00 1.750956312193031383e+00 1.000000000000000000e+00
-2.243218219072217856e+00 6.306178559720744481e+00 1.000000000000000000e+00
-5.911999969532093502e-01 9.688138934303115235e+00 1.000000000000000000e+00
-5.793173495108966620e+00 -1.609683295340748721e+00 1.000000000000000000e+00
9.865387419144111547e-01 -6.038932784439225543e+00 1.000000000000000000e+00
6.628450767399674426e+00 6.750335174653430137e-01 1.000000000000000000e+00
-9.034007766356058511e+00 -3.877582810655883172e+00 1.000000000000000000e+00
-5.225098092043971576e-01 7.896082908878089057e+00 1.000000000000000000e+00
1.945733329300436409e+00 -5.830253164548536482e+00 1.000000000000000000e+00
-2.800743242029203994e+00 5.553131911822452693e+00 1.000000000000000000e+00
-3.502280235367271288e+00 -9.045231634851354841e+00 1.000000000000000000e+00
4.721993801781104949e+00 4.625266181827799805e+00 1.000000000000000000e+00
-8.088281444232904960e+00 -4.467443625508898286e+00 1.000000000000000000e+00
-8.616276414780688953e+00 -4.465571603551394375e+00 1.000000000000000000e+00
-6.197149931913894960e+00 2.060584716688439233e+00 1.000000000000000000e+00
-6.351994561461384414e+00 -3.143764115426689543e+00 1.000000000000000000e+00
-7.372700330875962216e+00 -6.365264838152112858e+00 1.000000000000000000e+00
-2.012937224660795277e+00 -8.061475414333003187e+00 1.000000000000000000e+00
4.377871600331053159e+00 6.150909797980619764e+00 1.000000000000000000e+00
-2.127900704551972666e-01 -6.151173677014853070e+00 1.000000000000000000e+00
-9.500307671055400860e+00 -2.639354135885183972e+00 1.000000000000000000e+00
1.856359357739249649e+00 9.555773693399645552e+00 1.000000000000000000e+00
6.944606776441919038e+00 2.692269349990958904e+00 1.000000000000000000e+00
4.004421660331961341e+00 5.377447665274944555e+00 1.000000000000000000e+00
6.114811377470681819e+00 6.567360032274631720e-01 1.000000000000000000e+00
1.231784934944348819e+00 -7.708915068992254760e+00 1.000000000000000000e+00
-2.921557510768654886e+00 5.348810537331973869e+00 1.000000000000000000e+00
-6.269529420940477493e+00 -1.154746020371607784e+00 1.000000000000000000e+00
4.050582978461306993e+00 4.948316226303127507e+00 1.000000000000000000e+00
-1.403206175428103109e+00 -5.923917869123490831e+00 1.000000000000000000e+00
-5.160161541076213609e+00 -3.202818726845638508e+00 1.000000000000000000e+00
-7.077217178753961946e+00 -6.050403586581361459e+00 1.000000000000000000e+00
4.203200904940836757e+00 4.286648614236953314e+00 1.000000000000000000e+00
1.901102309323940531e+00 6.564631735014968328e+00 1.000000000000000000e+00
8.609887356889402099e+00 2.127886565676933905e+00 1.000000000000000000e+00
-6.604971219704064644e+00 -3.043409650763019947e+00 1.000000000000000000e+00
-7.895153610108383901e+00 -5.404763567049578832e+00 1.000000000000000000e+00
-7.235641700441638235e+00 -2.605467461654990657e+00 1.000000000000000000e+00
1.514114271222589014e+00 6.799306421564198288e+00 1.000000000000000000e+00
-6.653691181392574983e+00 -8.466251469234200577e-01 1.000000000000000000e+00
-6.382801353681308854e+00 -6.792970489185883309e+00 1.000000000000000000e+00
-5.810643327408129721e+00 -4.767070335636671707e+00 1.000000000000000000e+00
-3.415222500713254838e+00 -6.600892483983162862e+00 1.000000000000000000e+00
-2.314798090078394210e+00 5.735429973447656593e+00 1.000000000000000000e+00
7.050168830278456866e+00 -1.308725338973671271e+00 1.000000000000000000e+00
7.307680778144636236e-01 -6.975564745482587981e+00 1.000000000000000000e+00
1.712882294333779143e+00 -7.405257609801317642e+00 1.000000000000000000e+00
-7.141874700737728787e+00 -1.420449480887304716e+00 1.000000000000000000e+00
-5.525298181157547006e+00 -4.075056486707446801e+00 1.000000000000000000e+00
6.747957696977286979e+00 1.450284088843961428e+00 1.000000000000000000e+00
-3.584416338480539199e+00 -4.977195833981737039e+00 1.000000000000000000e+00
-2.760266152300801856e+00 -5.524507461584347467e+00 1.000000000000000000e+00
-6.952832266094107538e+00 -4.338243063089926466e+00 1.000000000000000000e+00
-5.660154038912816432e+00 2.893804386513338045e+00 1.000000000000000000e+00
3.822027560849101668e+00 5.413851302006502664e+00 1.000000000000000000e+00
2.187433441940817236e+00 7.936546935214487064e+00 1.000000000000000000e+00
8.518181225714890559e+00 4.992243336219076788e+00 1.000000000000000000e+00
-7.250699232280355844e+00 -1.362363022198977536e+00 1.000000000000000000e+00
3.169512662401551939e+00 6.690894933318508819e+00 1.000000000000000000e+00
3.800295289228820206e+00 -7.165194959971659117e+00 1.000000000000000000e+00
-1.931741863341600141e+00 5.839780558520940801e+00 1.000000000000000000e+00
8.028065159110177262e+00 -4.795465506563065361e+00 1.000000000000000000e+00
6.169049920511160856e+00 5.360263593788634040e+00 1.000000000000000000e+00
6.027720391737405592e-01 -9.467134583585373520e+00 1.000000000000000000e+00
4.171553376387525880e+00 4.517789940572661145e+00 1.000000000000000000e+00
-8.503926842994683710e+00 -4.477854334326683450e+00 1.000000000000000000e+00
6.628793211177284483e+00 5.170221829216403719e-02 1.000000000000000000e+00
-4.453995234185733842e+00 4.189413716699868395e+00 1.000000000000000000e+00
6.669388599747758661e+00 4.904639216715291461e+00 1.000000000000000000e+00
5.693574891205173572e+00 3.240207797397537171e+00 1.000000000000000000e+00
-1.924427975785024003e+00 -5.876996797688319063e+00 1.000000000000000000e+00
-7.339682778428567644e+00 -6.111599043872675274e+00 1.000000000000000000e+00
-3.867539154401447021e+00 5.000696098094435271e+00 1.000000000000000000e+00
-5.580338887933633529e-02 6.094263562448641203e+00 1.000000000000000000e+00
-3.276619101680824819e+00 -5.671302900690489146e+00 1.000000000000000000e+00
4.474292302811482713e+00 7.593530491059760301e+00 1.000000000000000000e+00
2.346734366995671728e+00 8.163206645245809412e+00 1.000000000000000000e+00
-5.075078431409385971e+00 -3.355172830147184815e+00 1.000000000000000000e+00
6.085655530633248489e+00 3.983479533962209551e+00 1.000000000000000000e+00
3.283423014512220739e+00 6.086033411079105448e+00 1.000000000000000000e+00
8.910723264029769553e+00 3.129978090958593029e+00 1.000000000000000000e+00
-4.916771923884871498e+00 -7.378636958821602754e+00 1.000000000000000000e+00
4.608537494867338324e+00 4.914674017972983755e+00 1.000000000000000000e+00
6.279093111635942748e+00 -1.718141320946686701e+00 1.000000000000000000e+00
7.661038427373730642e+00 2.554841096545518386e+00 1.000000000000000000e+00
-5.128021131772753982e+00 -4.773045584972116728e+00 1.000000000000000000e+00
1.619172627695885325e+00 6.450895236764590202e+00 1.000000000000000000e+00
5.938882996401072312e+00 6.511198599713083013e+00 1.000000000000000000e+00
-6.294108321226739022e+00 5.242514232371044969e-01 1.000000000000000000e+00
6.586389117573121510e+00 4.122693367892873439e+00 1.000000000000000000e+00
4.389356024236429121e+00 6.637416785158283261e+00 1.000000000000000000e+00
1.754320419693141897e+00 8.969949914164732974e+00 1.000000000000000000e+00
-9.559905022397301444e-01 6.925653441081473183e+00 1.000000000000000000e+00
-6.446898457969297169e+00 -3.887200596001746611e+00 1.000000000000000000e+00
5.502066195252894865e+00 5.990425852435663501e+00 1.000000000000000000e+00
-9.366751371283514871e-01 -7.610894412234672224e+00 1.000000000000000000e+00
-7.433384709212343289e+00 -2.685068772758392619e+00 1.000000000000000000e+00
-3.786421772647262429e+00 -7.204615905796660336e+00 1.000000000000000000e+00
-5.777469928532843468e+00 -7.891523085261519022e+00 1.000000000000000000e+00
-4.006649951543658439e+00 -6.790406173935941148e+00 1.000000000000000000e+00
4.883310689129394255e+00 5.656399271023055952e+00 1.000000000000000000e+00
-6.683408701960365406e+00 6.309147064692057327e+00 1.000000000000000000e+00
1.651659189908127878e-01 -6.546477059658911024e+00 1.000000000000000000e+00
2.771784067654337935e+00 -7.446272192684737057e+00 1.000000000000000000e+00
6.761762675243447873e+00 2.365104505082262332e+00 1.000000000000000000e+00
1.636327710237291733e+00 7.250395467133047944e+00 1.000000000000000000e+00
-8.216485081132521628e+00 -1.013535069739376127e+00 1.000000000000000000e+00
-8.443452417422840028e+00 -4.272321004414081358e-01 1.000000000000000000e+00
-3.989949406435622237e-01 -7.007579986592400445e+00 1.000000000000000000e+00
-4.795269847520770234e+00 -4.612115127613769516e+00 1.000000000000000000e+00
5.572685463700861597e-01 8.337141682004324039e+00 1.000000000000000000e+00
-4.171792173836706752e+00 -5.464856944438225561e+00 1.000000000000000000e+00
-3.872481409003747821e+00 -6.073191975410535015e+00 1.000000000000000000e+00
-9.026119910242174527e+00 -3.386287785750480506e+00 1.000000000000000000e+00
6.224413626552666834e+00 1.646488135288758148e+00 1.000000000000000000e+00
-1.355519953475887274e+00 -7.784163052568601415e+00 1.000000000000000000e+00
6.832061970537234075e+00 -1.665783325214585719e+00 1.000000000000000000e+00
-1.745419725413333900e+00 -8.498194465265054731e+00 1.000000000000000000e+00
-7.802720182618685385e+00 9.885053615919447978e-02 1.000000000000000000e+00
-9.138624851880674527e+00 -1.861433502583655475e+00 1.000000000000000000e+00
-4.479049657837395060e+00 -5.085603930926315464e+00 1.000000000000000000e+00
2.704609725963571520e+00 7.594764454701133261e+00 1.000000000000000000e+00
6.468685776020318912e+00 6.443257907715415733e+00 1.000000000000000000e+00
7.661403628732611715e+00 4.100256415987859171e+00 1.000000000000000000e+00
8.420440701586489496e+00 3.948760763966213894e+00 1.000000000000000000e+00
-7.903931022661963013e+00 -3.321098389244345306e+00 1.000000000000000000e+00
-5.706742395496953613e+00 -5.277208293373133685e+00 1.000000000000000000e+00
8.008305901653749004e+00 4.782016679245238322e+00 1.000000000000000000e+00
3.094097765000608291e+00 -5.181797510028831155e+00 1.000000000000000000e+00
6.057307993512036859e+00 -3.552184421113104840e+00 1.000000000000000000e+00
-4.256720770563647172e+00 -6.803853031661869721e+00 1.000000000000000000e+00
-6.500281821946134464e-01 6.909470773583396230e+00 1.000000000000000000e+00
7.615882639501843521e+00 5.456685838342693273e+00 1.000000000000000000e+00
-6.650843037393086910e+00 -5.872294155096954071e+00 1.000000000000000000e+00
1.850668133973106144e+00 7.174893391031252676e+00 1.000000000000000000e+00
1.777841433208209310e+00 -6.479235544477274900e+00 1.000000000000000000e+00
-7.139119684614717798e+00 2.466308881313434842e+00 1.000000000000000000e+00
-5.697189900960477615e+00 -7.204943817147897889e+00 1.000000000000000000e+00
5.868523322475521553e+00 -1.449710508055439551e+00 1.000000000000000000e+00
2.955573337852700710e+00 -5.317986837822348711e+00 1.000000000000000000e+00
5.626409864241852965e+00 7.224990798582009432e+00 1.000000000000000000e+00
-5.298237079352697165e+00 -6.067067021518223413e+00 1.000000000000000000e+00
6.808928357367218354e+00 2.936680535999741437e+00 1.000000000000000000e+00
1.531312910546143158e+00 7.060724423639720193e+00 1.000000000000000000e+00
6.423909335184402103e+00 4.012689955281030230e-01 1.000000000000000000e+00
5.851589123520833269e+00 1.737692605437042292e+00 1.000000000000000000e+00
-7.528004839949189453e+00 -2.298354760054365009e+00 1.000000000000000000e+00
6.321440177444637598e+00 1.944412098025632307e+00 1.000000000000000000e+00
7.353378610545927785e+00 -2.949807520879396794e+00 1.000000000000000000e+00
-1.803451345430020059e+00 7.717750169708957664e+00 1.000000000000000000e+00
-6.552431084491751712e+00 -2.639863215293178023e+00 1.000000000000000000e+00
-4.144330444722952755e+00 -4.621367375830866209e+00 1.000000000000000000e+00
-2.245793067618274907e+00 -7.299054767256933474e+00 1.000000000000000000e+00
5.938775477994043150e+00 2.009020853287014408e+00 1.000000000000000000e+00
5.858664373119474078e+00 5.263685609569358270e+00 1.000000000000000000e+00
2.632485453122148655e+00 6.891772127930229530e+00 1.000000000000000000e+00
-8.135109396900864098e+00 -2.832671617136990339e+00 1.000000000000000000e+00
-6.144319655565301908e+00 -1.528048357583386530e+00 1.000000000000000000e+00
6.111990132585341406e+00 5.595629793963202481e+00 1.000000000000000000e+00
-2.783634640345522993e+00 -7.464054210494225572e+00 1.000000000000000000e+00
1.971112457190379530e+00 6.972415277122177457e+00 1.000000000000000000e+00
3.056855523979655320e+00 7.530912017384681079e+00 1.000000000000000000e+00
-8.016245880607211660e+00 -5.142781259300051033e-01 1.000000000000000000e+00
2.999856511485844202e+00 6.786178368855498633e+00 1.000000000000000000e+00
5.753943955345684813e+00 -4.141195657623949700e+00 1.000000000000000000e+00
5.502521232257849171e+00 3.487744045048692954e+00 1.000000000000000000e+00
6.419226366844399401e+00 3.344929480179654746e+00 1.000000000000000000e+00
2.835068800083626162e+00 8.582907046049392363e+00 1.000000000000000000e+00
-5.132128895674205715e+00 -7.148386662618856136e+00 1.000000000000000000e+00
-5.469678539448914911e+00 -3.819472319736241239e+00 1.000000000000000000e+00
3.947362332452675204e+00 6.346946000453400849e+00 1.000000000000000000e+00
-5.378048882438540623e+00 3.134198966842636658e+00 1.000000000000000000e+00
6.955849262306728065e+00 3.230350871928200363e-02 1.000000000000000000e+00
-5.447081731545310390e+00 -6.593407396127431319e+00 1.000000000000000000e+00
-6.709926715975393030e+00 -5.355090671309644890e+00 1.000000000000000000e+00
-7.514813050964260555e+00 1.267240846849387204e+00 1.000000000000000000e+00
-7.875093904297603586e+00 -4.137382930383576962e+00 1.000000000000000000e+00
-6.394536296826766275e+00 6.133402508461482938e-02 1.000000000000000000e+00
6.180626772156726290e+00 2.955991844356844034e+00 1.000000000000000000e+00
-4.201633041728759288e+00 -5.295490736045820768e+00 1.000000000000000000e+00
1.294749642479137375e+00 7.364150204406522349e+00 1.000000000000000000e+00
-2.342067326336904287e+00 6.167653510238608305e+00 1.000000000000000000e+00
-2.322586915915486827e+00 -5.816174170325780324e+00 1.000000000000000000e+00
6.535582795577372650e+00 8.782801418856385212e-01 1.000000000000000000e+00
4.310634344276928154e+00 6.654006614767724592e+00 1.000000000000000000e+00
-2.956286205715763060e+00 -5.536782551738977709e+00 1.000000000000000000e+00
1.033483619607441284e+00 -6.662806926153622911e+00 1.000000000000000000e+00
3.182091557074194554e+00 5.418313322765375695e+00 1.000000000000000000e+00
-2.230164653494281612e+00 -6.421874633361086993e+00 1.000000000000000000e+00
5.508589953611212842e+00 -2.856356314848158995e+00 1.000000000000000000e+00
7.534172358868501007e+00 4.646218554277721680e+00 1.000000000000000000e+00
6.321543226463690601e+00 5.181741230696125911e+00 1.000000000000000000e+00
-2.215485991481482397e+00 -5.968685804755061497e+00 1.000000000000000000e+00
7.273122037050089972e+00 -9.683435965727986705e-01 1.000000000000000000e+00
2.295499184900989587e+00 7.460967086654129332e+00 1.000000000000000000e+00
2.400315283476714523e+00 6.949376501430691633e+00 1.000000000000000000e+00
-6.036207039432351706e+00 -7.604181953906987701e-01 1.000000000000000000e+00
-4.759886362534107462e+00 4.673975425516999849e+00 1.000000000000000000e+00
4.700945577768743888e+00 6.132507724536544025e+00 1.000000000000000000e+00
6.447376515650522499e+00 4.215450011292558585e+00 1.000000000000000000e+00
-3.523386366346410892e+00 -4.908848083138703799e+00 1.000000000000000000e+00
-6.326750046325257060e+00 -4.696642218317310657e+00 1.000000000000000000e+00
-5.427685795481941078e+00 -3.798818795097563594e+00 1.000000000000000000e+00
4.981747030610531368e+00 3.653987010183836315e+00 1.000000000000000000e+00
-4.880429943219017908e-01 7.341296506477293704e+00 1.000000000000000000e+00
-4.428493005201300292e+00 -4.171633961444206840e+00 1.000000000000000000e+00
-2.672218067813916687e+00 -8.217346825421611101e+00 1.000000000000000000e+00
8.069583657066157656e+00 9.084358586448937345e-01 1.000000000000000000e+00
5.564702306890884742e+00 3.543716827051974327e+00 1.000000000000000000e+00
9.160337332711081970e+00 -1.456238542938904423e+00 1.000000000000000000e+00
-4.003727647354833330e+00 -7.086492544105531088e+00 1.000000000000000000e+00
-3.514105190237765797e+00 -8.308612138007154257e+00 1.000000000000000000e+00
2.554492566812103238e+00 6.548918805308453273e+00 1.000000000000000000e+00
-7.909947245008146943e+00 -3.761019976615148863e+00 1.000000000000000000e+00
6.968043360945795683e+00 1.102437755383399054e+00 1.000000000000000000e+00
7.659069732892801241e+00 -1.579639638232827270e+00 1.000000000000000000e+00
-5.091981881573198976e+00 -3.424341367539177394e+00 1.000000000000000000e+00
-1.480457989509992522e+00 -8.181722663034799226e+00 1.000000000000000000e+00
-7.392640563250752805e+00 -2.944143987924645156e+00 1.000000000000000000e+00
-2.503093682809026888e+00 7.399316608101855763e+00 1.000000000000000000e+00
5.747474477557969585e+00 5.913570576576588245e+00 1.000000000000000000e+00
-9.792531470018701611e-01 7.541945535233899989e+00 1.000000000000000000e+00
-8.844385931269034273e+00 -4.451738772883189199e+00 1.000000000000000000e+00
4.907261700861563547e+00 6.758328447637667935e+00 1.000000000000000000e+00
2.887820154742915424e+00 -7.063664799534384642e+00 1.000000000000000000e+00
-3.417987098969101467e+00 -6.417060590403043996e+00 1.000000000000000000e+00
-4.534865961581568961e+00 4.416153428959211702e+00 1.000000000000000000e+00
3.231128630853239869e+00 6.853489930174988309e+00 1.000000000000000000e+00
6.643661840265921548e+00 3.326615994476701310e+00 1.000000000000000000e+00
-4.635519835659322574e+00 -5.478642360892183483e+00 1.000000000000000000e+00
-6.856012083913356037e+00 -1.357773599769466433e+00 1.000000000000000000e+00
-5.957357382224460096e+00 -5.005671404512719747e+00 1.000000000000000000e+00
1.733529821771714996e+00 7.229884177975039350e+00 1.000000000000000000e+00
-3.964182642928530953e+00 -7.741843172252010241e+00 1.000000000000000000e+00
7.233109353813613751e-01 6.513625895858506709e+00 1.000000000000000000e+00
-1.497133250541695659e+00 -7.231045044510453046e+00 1.000000000000000000e+00
6.267176730674889562e+00 7.036242429125124431e+00 1.000000000000000000e+00
-7.411006406309801342e+00 -4.502655797267692606e+00 1.000000000000000000e+00
3.694338827347954712e+00 4.768858372738942641e+00 1.000000000000000000e+00
-4.602607382064340946e+00 -7.522928014149364628e+00 1.000000000000000000e+00
9.656571856224971384e+00 -5.175802696610434239e-01 1.000000000000000000e+00
3.079232902450708131e+00 7.974721769639323554e+00 1.000000000000000000e+00
-5.996846543365658810e+00 -3.659712928792068887e+00 1.000000000000000000e+00
-1.873948952295748427e+00 -7.446039666023796855e+00 1.000000000000000000e+00
4.794287248171764659e+00 5.305202930543608808e+00 1.000000000000000000e+00
-5.479845039261185491e+00 -2.956495893718922297e+00 1.000000000000000000e+00
-6.310514163120072517e+00 -5.776613094582611296e+00 1.000000000000000000e+00
5.926777600092902887e+00 7.990273087412798958e+00 1.000000000000000000e+00
8.216343704357452538e+00 8.491593767520200231e-01 1.000000000000000000e+00
6.234575735848062905e+00 7.422671303268773002e-01 1.000000000000000000e+00
-3.751004616744445741e+00 -6.784416375474847882e+00 1.000000000000000000e+00
-5.880887167000265592e+00 2.923899947594853277e+00 1.000000000000000000e+00
6.734960868607638318e+00 3.143485678115881310e+00 1.000000000000000000e+00
5.630381455451104245e+00 3.032635616794325806e+00 1.000000000000000000e+00
-8.024429054893568392e+00 -4.322392274137567547e+00 1.000000000000000000e+00
-3.749039019685077800e+00 4.687519009548184457e+00 1.000000000000000000e+00
5.199975683753331523e+00 3.085211955537984885e+00 1.000000000000000000e+00
-2.203248023543723288e+00 -8.489499762128181359e+00 1.000000000000000000e+00
3.013759626210997133e+00 9.368827008949320856e+00 1.000000000000000000e+00
1.525315137175876856e+00 8.359196288786332474e+00 1.000000000000000000e+00
-3.296811563539692624e+00 -5.225377146641255521e+00 1.000000000000000000e+00
3.584331413007350253e+00 8.641580629389432389e+00 1.000000000000000000e+00
6.303747978823756704e+00 7.148373051475030771e+00 1.000000000000000000e+00
-6.616630675168719833e+00 -6.436821434312699708e+00 1.000000000000000000e+00
4.583315822827812802e+00 -5.585145387993668997e+00 1.000000000000000000e+00
7.371527513125300857e+00 2.430531689891842539e+00 1.000000000000000000e+00
-4.516196756481499541e+00 -7.202665067798294629e+00 1.000000000000000000e+00
-7.162265694486729117e+00 -3.987652055808928342e+00 1.000000000000000000e+00
7.128302568456426513e+00 4.069229276656076699e+00 1.000000000000000000e+00
5.195020964331915181e+00 -3.123701237103411632e+00 1.000000000000000000e+00
-4.044474416955788243e+00 -5.171097829442228289e+00 1.000000000000000000e+00
-1.885858158220088399e-02 8.357260780473133366e+00 1.000000000000000000e+00
3.834577954420740120e+00 5.910380379162432973e+00 1.000000000000000000e+00
2.257978531285698143e+00 -6.662513503193181030e+00 1.000000000000000000e+00
5.236190689322741676e+00 5.953598764334667059e+00 1.000000000000000000e+00
4.944154143344202446e+00 6.112465125101558705e+00 1.000000000000000000e+00
2.802668295421705480e+00 -6.280873396471896797e+00 1.000000000000000000e+00
-3.554586525121856688e+00 -8.829984401965885965e+00 1.000000000000000000e+00
-8.442929491154782085e+00 -3.037602964625756297e+00 1.000000000000000000e+00
1.464666927815054365e+00 -8.297794291597547556e+00 1.000000000000000000e+00
2.980892774001602241e+00 7.174444500573352812e+00 1.000000000000000000e+00
-5.782875829313680605e+00 -6.786542230903171102e+00 1.000000000000000000e+00
-5.137524138785982686e+00 -6.082927994531257987e+00 1.000000000000000000e+00
4.803629236257254576e+00 -4.815459310199454279e+00 1.000000000000000000e+00
-6.065801299256331269e+00 -7.469623877382682409e+00 1.000000000000000000e+00
-1.495095607729988174e+00 9.071813882682524977e+00 1.000000000000000000e+00
6.754384254466390125e+00 2.899940298549248396e+00 1.000000000000000000e+00
2.714514273644463849e-01 6.555614323483879957e+00 1.000000000000000000e+00
6.308791352038819689e+00 4.533639158074679543e+00 1.000000000000000000e+00
-7.494546753644542036e+00 -3.568007767652708218e+00 1.000000000000000000e+00
8.737446992950051339e+00 2.365159317033410868e+00 1.000000000000000000e+00
-5.222376948891061410e+00 -2.961137661438772106e+00 1.000000000000000000e+00
-5.072990230427116387e+00 -3.965255248148699785e+00 1.000000000000000000e+00
-7.083083171187766425e+00 -1.732815260003832236e+00 1.000000000000000000e+00
6.892749434396693076e+00 4.029460842789255537e+00 1.000000000000000000e+00
6.370249315667480872e+00 1.156844972239338798e+00 1.000000000000000000e+00
-4.676937118743986765e+00 -4.443400893421962650e+00 1.000000000000000000e+00
9.289126872716051864e+00 1.667813473784433675e+00 1.000000000000000000e+00
-4.261570780777590883e+00 -5.670239786225822698e+00 1.000000000000000000e+00
8.882994861318378454e+00 3.493279042345004193e+00 1.000000000000000000e+00
-7.952867419850374375e+00 1.859408819449889894e+00 1.000000000000000000e+00
6.470017118237386455e+00 4.608545731072934970e-01 1.000000000000000000e+00
3.386886670056756365e+00 5.021024315452996767e+00 1.000000000000000000e+00
-6.278588463959016153e+00 -5.093897859961319163e+00 1.000000000000000000e+00
-8.592595431609868939e+00 -2.082841792394958702e+00 1.000000000000000000e+00
-4.415878052400913134e+00 5.500882211268669053e+00 1.000000000000000000e+00
-4.621884694786091430e+00 -7.920521816212699129e+00 1.000000000000000000e+00
-5.843156340255377224e+00 -7.593046076927551624e+00 1.000000000000000000e+00
-1.160315806123363380e+00 -6.126832600026174802e+00 1.000000000000000000e+00
-6.481889593625424162e+00 -5.775290535349293819e+00 1.000000000000000000e+00
-9.102275687390799064e+00 -2.193073078824041122e+00 1.000000000000000000e+00
6.186452038038327217e+00 4.091033639927440291e+00 1.000000000000000000e+00
4.689748901913508128e+00 4.906449284352374818e+00 1.000000000000000000e+00
-4.579676216196248539e+00 5.708900054869098462e+00 1.000000000000000000e+00
7.254428474694152307e-01 6.496803191170863911e+00 1.000000000000000000e+00
-6.006497657658569800e+00 -7.960784798029003184e+00 1.000000000000000000e+00
-3.259572449009503714e+00 -8.017155303284321022e+00 1.000000000000000000e+00
2.239655845608321982e+00 -9.724757671402949555e+00 1.000000000000000000e+00
-5.162280915131429282e+00 -7.884649227462442234e+00 1.000000000000000000e+00
1.960856668989353846e+00 7.506966813590709720e+00 1.000000000000000000e+00
7.826413617647093091e+00 1.633262182234999749e+00 1.000000000000000000e+00
-7.138149979862336458e+00 -5.964880383840364786e+00 1.000000000000000000e+00
-6.839714235350737859e+00 -2.117517736308660581e+00 1.000000000000000000e+00
5.164298559973484970e+00 -3.856179718925008881e+00 1.000000000000000000e+00
-7.379064622850455279e-01 -9.585083774892007469e+00 1.000000000000000000e+00
4.139939263716492235e+00 4.793264906829001859e+00 1.000000000000000000e+00
8.461547631680803150e+00 1.472637150779481541e+00 1.000000000000000000e+00
4.154425993250502103e+00 5.216224993405445431e+00 1.000000000000000000e+00
8.910349280902645219e+00 3.845389901821793188e+00 1.000000000000000000e+00
-6.864689767050975000e+00 3.453936602492796659e+00 1.000000000000000000e+00
-5.445675875764961482e+00 -4.141396273062228239e+00 1.000000000000000000e+00
