#   X  ; Y = X^2 + N(0,1)
-7.984597198577469968e+00 6.351979934984996845e+01
4.537385316896433096e+00 1.895471316022412367e+01
-3.596165519498129015e-02 3.738635054847308514e-01
5.616689216874474866e+00 3.229282712085021956e+01
1.520279075705380123e+00 1.375884040043492185e+00
3.898891038806073794e+00 1.452561193286078378e+01
-5.150689398019343557e+00 2.662290102795387980e+01
9.657938077116831721e+00 9.307923255360110204e+01
1.709576036592732606e+00 3.008454325170815569e+00
-7.059897272856421324e+00 4.936438641520310000e+01
-6.811696589723190698e-01 1.160507476505973301e+00
7.202823103900087176e+00 5.353084714998090021e+01
-6.080405360496481393e-01 1.465849863578444046e+00
-9.173925710552449431e+00 8.419788684747625496e+01
5.997724907964716579e+00 3.646566081327793540e+01
3.172351207290331487e+00 1.011085857639013419e+01
-8.535192292241465140e+00 7.275566283368206655e+01
7.566628358374810404e+00 5.850489307688918927e+01
-4.151443562400467968e+00 1.771640194864589191e+01
-8.348817710304878403e+00 6.876237098317437813e+01
-5.234220562691254131e+00 2.745413536574957902e+01
9.256395352287924538e+00 8.556866604504409679e+01
9.284185232881643657e+00 8.701412967431870982e+01
-4.887114953480065083e-02 -9.985264758315366418e-01
-8.405540679178303165e+00 7.086447366940689108e+01
6.912679942373841868e+00 4.912763008260251496e+01
1.934513674168318431e+00 3.981195741662749032e+00
9.177644421377575412e+00 8.435604472679823118e+01
7.767894974186397405e+00 6.191625112289534627e+01
-4.975795736863826590e+00 2.552833624032473381e+01
-2.952538956546559845e+00 8.630317913956131903e+00
-5.211724388919343198e+00 2.727992396036619027e+01
-6.256632724785220034e+00 3.779113432309750920e+01
4.473872509551448218e+00 2.040913373700600530e+01
-2.205807251645097722e-02 -5.836192706888461423e-02
4.620354800704053133e+00 2.063359828952590647e+01
8.823274382896247658e+00 7.731882791453797665e+01
-6.104006314474759165e+00 3.755357864012298563e+01
-9.588833056126661702e+00 9.239298886800467869e+01
-4.060994551399311092e+00 1.488240282850114049e+01
-2.329661864937091487e+00 6.327744593979920396e+00
-2.779609316930036655e+00 7.886342302415219940e+00
-8.669804780251977760e+00 7.496171721673219679e+01
-3.119312631230672928e+00 9.324054637496315578e+00
-1.188236515321642983e+00 2.116948078381458931e+00
2.856774150177628258e+00 9.074662407705837097e+00
-3.215325426274953102e+00 1.080473057256354075e+01
-3.492185677749343853e+00 1.056580932606557077e+01
8.626554303032762050e+00 7.489256638247921671e+01
1.347011692873005373e+00 2.220117084050603484e+00
4.777095118291148523e+00 2.263518044659538120e+01
4.606199568128223731e+00 2.124222301145336900e+01
-8.186243868317973238e+00 6.759130411105384439e+01
3.805186472142880305e+00 1.556162362708863256e+01
-2.993984061140782416e+00 7.919716494960709952e+00
-3.426698960885459222e+00 1.248631817049656334e+01
6.058650876157333443e+00 3.678964788398945984e+01
-9.402898636762170526e+00 9.098496060929372220e+01
-2.021893920923522714e+00 4.083309002723494174e+00
-4.271626825431109609e+00 1.716923648261137814e+01
-7.689952481818043140e+00 5.881366460219449266e+01
-6.636901063370976850e+00 4.442214878898118258e+01
-6.763506182665737221e+00 4.870886630376674020e+01
7.714533497419353125e+00 6.016911801235599455e+01
8.094065184279191527e+00 6.620352401658055896e+01
6.840356058606097633e+00 4.446680647478646620e+01
-4.267547096348296876e+00 2.027290199658229852e+01
1.333894491710218233e+00 1.021790342168411136e+00
-4.435316033456615514e+00 1.833862715756068695e+01
6.847601601407916405e+00 4.558503496564244273e+01
8.620784833971733008e-01 4.491674153286112636e-01
-5.971039508082709446e+00 3.577737053579100035e+01
-7.761300898079614541e+00 6.145646775743666268e+01
-1.496304591460543065e+00 3.996932895676520214e+00
-2.290644604026821796e+00 5.773315769892119143e+00
7.922891355228532717e+00 6.202508272956588087e+01
7.741316340310998356e+00 5.929859381401292495e+01
5.693300578480528173e+00 3.246236220427236674e+01
-8.655464282613035465e+00 7.518897834564876348e+01
9.472510650994010462e-01 1.516600549125777908e+00
-5.076010020725405525e-01 7.885118399589035043e-01
-1.015995324360476459e+00 -4.834464281557435683e-01
4.366532918565626531e+00 1.879086984271683036e+01
-5.244466481517466860e+00 2.869870563965824317e+01
-7.326956610178807949e+00 5.451916249087017974e+01
7.154206019049315302e+00 4.932530461686339152e+01
2.769900889148310341e+00 8.039528428643023972e+00
4.264218367643625385e+00 1.865363710513505424e+01
-9.552954416774010582e+00 9.133385191723752428e+01
8.999155349573722873e+00 8.027621669172542340e+01
4.964355991345696495e+00 2.404342748230709148e+01
1.574085290888728395e+00 1.334617383900820187e+00
-6.079412818442309074e+00 3.590857380618890460e+01
9.621027260853853846e+00 9.141392496462007955e+01
8.324211883222091046e+00 6.833011163256928455e+01
6.876847718281570820e+00 4.822067438661549232e+01
-8.593101609075295855e+00 7.442709858897491415e+01
2.001069831066491389e+00 3.364726818922151530e+00
-9.210766265284187071e+00 8.385147659926417418e+01
7.028898410031008126e+00 5.027634486896096178e+01
