#   X  ; Y = X + N(0,1)
-8.308242833456866094e+00 -7.396417752728777550e+00
-3.660351405983965911e+00 -4.591662352860230278e+00
2.022629404340854364e+00 1.619795970320021983e+00
8.160113926287827724e+00 9.147637382439535614e+00
-8.081201870841717039e+00 -7.681509711513886174e+00
4.380078858733540415e+00 3.653838170060823565e+00
4.602977527149036518e+00 6.148860878638329197e+00
7.606872268005627546e+00 7.582799944875442399e+00
-6.749267511518954876e+00 -6.374589489629024719e+00
-1.241604764920010595e+00 -1.108306584866971312e+00
1.357556523769689605e+00 1.401293556655226258e+00
7.995377536769154858e-01 9.175155679192678049e-01
1.146009818380232304e+00 1.271954565253195835e+00
7.030101329735689575e-01 1.767899311094291326e+00
1.776402943870387219e+00 6.444577767798729262e-01
-2.305119812565852300e-01 -1.798953327650918199e+00
-6.171187716220540409e+00 -5.112381426736904544e+00
2.836067553566843813e+00 4.527102789037014574e+00
3.403139420301794615e+00 4.613743437882300569e+00
2.127086738942976396e+00 2.648959230084246386e+00
5.185646366053946466e+00 4.499256526010670498e+00
-9.378107654513907931e+00 -1.038338635211023764e+01
4.081809572085861149e+00 2.432382466369187313e+00
-8.970746403776939104e+00 -8.432044263729055800e+00
7.739729875722968444e+00 7.787024986247063296e+00
6.981178226685646138e+00 7.253501744856306388e+00
2.823649150777248096e+00 9.741395288973790922e-01
6.403561176349608530e+00 5.882013112912365393e+00
3.432164976773261600e+00 4.550407923842439750e+00
7.162517785388860858e+00 8.105167577303348025e+00
7.852353544392659757e+00 9.824756434508815417e+00
-1.105343074312028051e+00 -1.246170209962637054e+00
4.242881940059826107e+00 4.252298240311081834e+00
-1.851751803001359775e+00 -7.990472084038842127e-01
-3.773078462379519493e+00 -4.721566956887700783e+00
9.457424911987097005e+00 1.009539029235560470e+01
7.573449941819436759e-01 1.559988578738319420e-01
-2.841945046859635227e-01 5.991506754891283704e-01
6.933489346569544409e+00 5.561410567207895284e+00
2.253712211023907841e+00 2.331616586069163777e+00
-8.490110364318647740e+00 -8.585762128043390007e+00
7.085079882090568049e+00 6.794748816774055733e+00
-5.223718396808032516e+00 -5.386330087390637900e+00
-6.039682255724772020e+00 -6.067091089246787305e+00
-1.210262149550274557e+00 -2.377677055702101860e+00
4.243351909688195533e+00 4.374496161086803170e+00
1.018922865843910230e+00 4.930180861785360413e-01
-8.159579746969589209e+00 -9.153261082921478220e+00
-8.210470554996405212e-01 -2.004221371949491015e+00
7.642790448660669256e+00 6.654246153492884730e+00
9.364208887951814830e+00 9.058913794807835984e+00
5.204449702325264937e+00 4.549613454473005802e+00
-1.138384665097213144e+00 -1.791192987266392311e+00
-7.557802173030969684e+00 -7.773998327830239141e+00
-3.152432693295040167e+00 -3.295244424585570986e+00
4.133156436567421821e+00 2.878362807621738018e+00
-7.535581547809140801e+00 -6.012682098617347926e+00
-2.566055661756436734e-01 7.855371192774446287e-02
2.037138985611706588e+00 2.997414263868788176e+00
-3.697056939539020703e+00 -3.284304331574614988e+00
4.340069274253739451e+00 4.984231987723806157e+00
-9.062381063105842571e+00 -8.568843851148386648e+00
-2.720811781173275712e+00 -2.619688969152259794e+00
8.104083063636128514e+00 7.592648147805555858e+00
1.591216338400165853e+00 3.272189689774261723e+00
1.205077326559624851e-01 1.519732309145753968e+00
-7.088844106778018350e+00 -7.167430396371154089e+00
-6.728054292320873486e+00 -5.262476074020105088e+00
1.557915005932731134e+00 1.411861715284928875e+00
-9.787559757771770563e+00 -9.679053663947390973e+00
-2.601044335235576099e+00 -2.562648943441057536e+00
5.066440411319810266e-01 2.957265419279698104e+00
-8.128063417200660723e+00 -6.247177971352565251e+00
-9.429950570691277179e+00 -8.765636614780589753e+00
6.142711131522588630e+00 6.472481331562259577e+00
1.757744918017234426e+00 1.501984081208306954e+00
6.632092303108926501e+00 5.616713544499221555e+00
6.986989738402016314e+00 7.186262196042568107e+00
4.162795833174948612e+00 3.007797998858889876e+00
4.674830200435824423e-01 -7.206759292178177567e-01
7.903910496890631521e-02 -6.057546277973463456e-01
3.984679558741204275e+00 4.735359977204543824e+00
5.473159202788043132e+00 4.409306083031059309e+00
-8.591568443366039531e+00 -7.904143725457767999e+00
-2.789182479526511216e+00 -3.761715407481568185e+00
-9.825585217102526414e+00 -1.077501805970910453e+01
-5.481109939810164811e+00 -5.334607587951319729e+00
-4.929029775952979975e+00 -4.406781291227606090e+00
-5.192590763015926925e+00 -3.912253616363361886e+00
2.949510645355461591e+00 1.297201767969022423e+00
-4.826474708478496467e-01 -6.522723900008058351e-01
-1.246851161026807375e+00 2.724160005957421138e-01
9.099777111667421536e+00 1.068804038642276844e+01
6.211790639708443251e-01 9.913860676293824170e-01
8.407137837697987948e+00 7.483594882576611873e+00
-6.215098931118845371e-02 6.103390916937548316e-02
-3.876341416716824639e+00 -4.571139361438938842e+00
-5.456317150542398409e+00 -8.031561133492640892e+00
4.267227303599574029e+00 4.951730061093933877e+00
5.120215049055293122e+00 5.375547860516840082e+00
